"FORMULARIO";"C_002";"C_003";"C_004";"C_005";"C_006";"C_007";"C_008";"C_009";"F_EXP"
"0001";1;4;1;"66170";2006;1;1;0,00;23,62
"0001";2;4;1;"66001";2008;1;1;0,00;23,62
"0009";1;4;1;"66001";2012;1;2;30000,00;100,65
"0010";1;4;1;"66001";9999;1;1;0,00;52,06
"0010";2;4;1;"66001";9999;1;1;0,00;52,06
"0014";1;4;1;"66001";9999;1;1;0,00;52,06
"0016";1;1;1;"66001";2011;1;2;80000,00;66,88
"0016";2;4;1;"66001";2014;1;2;0,00;66,88
"0020";1;1;1;"66001";2014;1;1;0,00;47,35
"0022";1;1;1;"66001";1992;1;3;50000,00;83,84
"0027";1;1;1;"76001";2015;1;2;45000,00;136,89
"0033";1;4;1;"66001";2016;1;3;23000,00;19,31
"0038";1;1;1;"66001";2014;1;1;0,00;38,88
"0038";2;1;1;"66001";1995;1;1;0,00;38,88
"0038";3;4;1;"66001";2016;1;1;0,00;38,88
"0039";1;4;1;"66001";2014;1;1;0,00;238,83
"0040";1;4;1;"66682";2010;1;1;0,00;32,48
"0042";1;4;1;"05129";2016;1;1;0,00;16,59
"0043";1;2;1;"66001";1996;1;2;60000,00;71,65
"0043";2;4;1;"66001";2016;1;1;0,00;71,65
"0043";3;4;1;"66001";2016;1;1;0,00;71,65
"0043";4;6;1;"66001";1978;1;1;60000,00;71,65
"0046";1;4;1;;9999;1;1;0,00;174,87
"0046";2;4;1;"66001";9999;1;1;0,00;174,87
"0047";1;1;1;;2008;1;4;0,00;17,22
"0047";2;4;1;"66400";2006;1;1;0,00;17,22
"0048";1;1;1;"11001";2012;1;1;0,00;58,71
"0049";1;4;1;;9999;1;1;0,00;24,06
"0051";1;1;1;"76001";1990;1;4;0,00;29,76
"0053";1;4;1;"66001";2015;1;3;25000,00;58,71
"0058";1;4;1;"66001";2012;1;1;0,00;33,13
"0061";1;1;1;;9999;1;2;0,00;308,09
"0067";1;1;1;;1997;1;1;0,00;70,56
"0067";2;4;1;"66001";2016;1;1;0,00;70,56
"0068";1;1;1;"66001";1977;1;3;70000,00;255,18
"0069";1;4;1;"66001";2007;1;1;0,00;70,56
"0071";1;1;1;"66001";1995;1;3;60000,00;86,69
"0073";1;4;1;"66001";9999;1;3;0,00;16,16
"0076";1;1;1;"76001";9999;1;2;100000,00;114,22
"0076";2;4;1;"66001";9999;1;2;80000,00;114,22
"0083";1;1;1;"66001";2014;1;2;75000,00;230,23
"0088";1;1;1;"11001";2012;1;2;0,00;151,07
"0088";2;1;1;"05129";2014;1;2;0,00;151,07
"0088";3;4;1;"66001";1993;1;2;0,00;151,07
"0089";1;2;1;"66400";1988;1;2;80000,00;452,67
"0090";1;1;1;"66001";2013;1;3;60000,00;77,01
"0098";1;4;1;"17001";1999;1;1;0,00;37,03
"0104";1;4;1;"66001";2005;1;1;0,00;46,65
"0107";1;4;1;"66001";2016;1;1;0,00;50,26
"0112";1;4;1;;9999;1;1;0,00;53,47
"0114";1;4;1;"66001";2010;1;1;0,00;50,26
"0120";1;4;1;;2017;1;1;0,00;88,84
"0120";2;4;1;"66001";2007;1;1;0,00;88,84
"0121";1;1;1;"66001";2015;1;2;60000,00;110,15
"0121";2;4;1;"66001";2015;1;2;25000,00;110,15
"0121";3;4;1;"66001";2014;1;2;25000,00;110,15
"0123";1;4;1;"66001";2016;1;1;0,00;96,91
"0128";1;4;1;"66001";2016;1;1;0,00;111,41
"0129";1;1;1;"66001";2013;1;1;0,00;142,31
"0131";1;1;1;"17001";1991;1;3;70000,00;21,20
"0141";1;4;1;"66001";2009;1;1;0,00;251,10
"0143";1;1;1;"66001";1985;1;3;80000,00;45,21
"0143";2;4;1;"66001";2017;1;1;0,00;45,21
"0145";1;4;1;"66001";2008;1;4;0,00;41,48
"0149";1;1;1;"66001";2011;1;1;0,00;172,84
"0155";1;4;1;"66001";2016;1;1;0,00;66,17
"0160";1;4;1;"66001";2016;1;1;0,00;66,17
"0163";2;4;1;"17001";9999;1;1;0,00;434,34
"0172";1;4;1;"15131";2012;1;1;0,00;145,79
"0178";1;4;1;"66001";2012;1;1;0,00;53,93
"0181";1;1;1;"66001";2012;1;1;0,00;115,62
"0182";1;4;1;"66001";2012;1;1;0,00;130,73
"0186";1;6;2;"66001";1998;1;3;80000,00;158,21
"0189";1;4;1;"05615";9999;1;1;0,00;58,37
"0190";1;1;1;"52381";1994;1;3;90000,00;323,65
"0190";2;4;1;"66170";2010;1;2;0,00;323,65
"0192";1;4;1;"76001";2010;1;3;25000,00;234,71
"0194";1;1;1;"05001";2006;1;2;140000,00;145,29
"0194";2;4;1;"66001";2008;1;1;0,00;145,29
"0196";1;4;1;"66001";2014;1;1;0,00;200,27
"0198";1;1;1;"66001";2015;1;1;0,00;760,00
"0201";1;4;1;"66170";2006;1;2;0,00;85,97
"0205";1;1;1;"66001";9999;1;3;60000,00;42,38
"0205";2;4;1;"66001";9999;1;1;0,00;42,38
"0210";1;1;1;"76147";2014;1;3;70000,00;39,84
"0213";1;4;1;"66001";2013;1;1;0,00;17,18
"0215";1;4;1;"66001";2010;1;1;0,00;136,90
"0216";1;4;1;"66001";2016;1;3;20000,00;25,44
"0216";2;4;1;"66001";2012;1;3;20000,00;25,44
"0224";1;1;1;"11001";2014;1;1;0,00;25,30
"0224";2;1;1;"11001";2013;1;2;60000,00;25,30
"0226";1;1;1;"66001";2012;1;1;0,00;81,93
"0228";1;1;1;"66001";9999;1;2;0,00;43,74
"0229";1;1;1;"05059";9999;1;4;0,00;11,85
"0229";2;1;1;"66001";9999;1;4;0,00;11,85
"0229";3;4;1;"66001";9999;1;1;0,00;11,85
"0229";4;4;1;"66001";9999;1;1;0,00;11,85
"0231";1;4;1;"66001";2016;1;1;0,00;29,24
"0232";1;4;1;"05615";9999;1;1;0,00;33,13
"0234";1;1;1;"17001";1998;1;4;60000,00;46,40
"0234";2;4;1;"66001";2014;1;1;0,00;46,40
"0236";1;4;1;"66001";2014;1;1;0,00;35,07
"0237";1;4;1;"66001";9999;1;1;0,00;122,62
"0237";2;2;1;"66001";9999;1;1;0,00;122,62
"0238";1;1;1;"66001";2008;1;1;0,00;538,57
"0238";2;4;1;"66170";2014;1;1;0,00;538,57
"0238";3;4;1;"66170";2014;1;1;0,00;538,57
"0240";1;1;4;"76001";1985;1;4;40000,00;53,36
"0244";1;4;1;"05615";2012;1;3;22000,00;122,82
"0248";1;4;1;"66170";2011;1;3;30000,00;58,67
"0251";1;4;1;"05615";9999;1;1;0,00;33,13
"0261";1;1;1;"11001";2002;1;2;180000,00;105,51
"0262";1;1;1;"11001";1994;1;2;88000,00;96,40
"0263";1;2;1;"17001";9999;1;1;0,00;87,28
"0270";1;4;1;"66001";2017;1;1;0,00;20,03
"0274";1;1;1;"66001";2013;1;2;0,00;60,98
"0275";1;1;1;"66001";1978;1;2;0,00;21,23
"0277";1;4;1;"66001";2009;1;1;0,00;46,63
"0278";1;4;1;"66001";2011;1;1;0,00;58,02
"0281";1;4;1;"05615";2008;1;1;0,00;24,06
"0281";2;4;1;"05615";2010;1;1;0,00;24,06
"0282";1;1;1;"66170";2010;1;1;0,00;37,97
"0283";1;4;1;"66001";2016;1;1;0,00;13,26
"0283";2;4;1;"66001";2014;1;1;0,00;13,26
"0285";1;4;1;"66001";2016;1;2;25000,00;89,28
"0291";1;4;1;"17001";2006;1;1;0,00;83,05
"0292";1;4;1;"19455";2010;1;1;0,00;93,02
"0294";1;4;1;"66001";2017;1;1;0,00;52,68
"0294";2;1;1;"66001";2015;1;1;0,00;52,68
"0299";1;4;1;"54874";2012;1;2;30000,00;104,95
"0300";1;1;1;"11001";2009;1;2;200000,00;31,39
"0305";1;4;1;"66001";2012;1;1;0,00;34,47
"0308";1;4;1;"66170";2015;1;1;0,00;24,96
"0313";1;4;1;"17001";2009;1;1;0,00;170,15
"0327";1;4;1;"66001";1997;1;1;0,00;17,75
"0328";1;4;1;"66170";2005;1;1;0,00;17,37
"0343";1;1;1;"76001";9999;1;3;60000,00;28,97
"0348";1;1;1;"66001";2012;1;2;50000,00;23,36
"0349";1;2;1;"66001";2017;1;2;0,00;19,11
"0349";2;2;1;"66001";2012;1;2;0,00;19,11
"0365";1;1;1;"66001";2011;1;2;0,00;13,41
"0366";1;1;1;"66001";2012;1;2;0,00;230,11
"0367";1;1;1;"47001";2012;1;1;0,00;7,90
"0370";1;1;1;"76001";2008;1;1;0,00;26,44
"0370";2;2;3;"66001";1997;1;1;0,00;26,44
"0384";1;4;1;"66001";2015;1;1;0,00;55,49
"0387";1;4;1;"66001";9999;1;1;0,00;48,90
"0395";1;4;1;"66001";2010;1;1;0,00;21,66
"0395";2;4;1;"05615";2008;1;1;0,00;21,66
"0395";3;4;1;"05615";2008;1;1;0,00;21,66
"0397";1;4;1;"66001";2007;1;1;0,00;122,13
"0397";2;1;1;"66001";2007;1;4;50000,00;122,13
"0401";1;4;1;"66001";2015;1;1;0,00;45,95
"0405";1;4;1;"41206";9999;1;1;0,00;46,33
"0408";1;1;1;"76001";9999;1;1;0,00;59,74
"0408";2;4;1;"66001";9999;1;1;0,00;59,74
"0410";1;4;1;"76001";2010;1;1;0,00;46,36
"0415";1;1;1;"66001";2014;1;1;0,00;8,13
"0416";1;1;4;"66001";2007;1;1;0,00;15,65
"0416";2;4;1;"66001";2014;1;1;0,00;15,65
"0421";1;4;1;"66001";2010;1;1;0,00;28,87
"0423";1;4;1;"17877";2013;1;2;25000,00;36,81
"0423";2;4;1;"17877";2013;1;2;2500,00;36,81
"0426";1;4;1;"66001";2003;1;1;0,00;78,39
"0427";1;1;1;"66001";2016;1;1;0,00;124,93
"0427";2;1;1;"66001";2017;1;1;0,00;124,93
"0427";3;2;1;"11001";2009;1;1;0,00;124,93
"0435";1;2;2;"66001";2008;1;1;0,00;29,72
"0437";1;2;1;"66682";1997;1;3;70000,00;19,16
"0441";1;4;1;"76364";9999;1;1;0,00;17,23
"0441";2;1;1;"76147";9999;1;2;100000,00;17,23
"0441";3;4;1;"41206";9999;1;1;0,00;17,23
"0450";1;4;1;"17614";2013;1;1;0,00;124,73
"0470";1;1;1;"66001";2016;1;1;0,00;22,37
"0473";1;1;1;"66001";2015;1;1;0,00;21,23
"0475";1;1;1;"66001";2005;1;1;0,00;63,87
"0475";2;4;1;"63001";2007;1;1;0,00;63,87
"0478";1;1;1;"76001";2001;1;3;0,00;92,17
"0478";2;4;1;"66001";2011;1;3;0,00;92,17
"0481";1;1;1;"17001";2015;1;1;0,00;25,30
"0481";2;4;1;"66001";2017;1;1;0,00;25,30
"0485";1;1;1;"66001";2012;1;1;0,00;76,60
"0486";1;1;1;"66001";2011;1;1;0,00;42,34
"0490";1;4;1;"66001";2006;1;1;0,00;58,79
"0490";2;4;1;"66001";2006;1;1;0,00;58,79
"0490";3;4;1;"66001";2006;1;1;0,00;58,79
"0491";1;1;1;"66001";2016;1;1;0,00;11,09
"0491";2;1;1;"66001";2014;1;1;0,00;11,09
"0492";1;1;1;"66001";1994;1;1;0,00;20,09
"0492";2;1;1;"66001";2008;1;4;0,00;20,09
"0495";1;1;1;"63001";2016;1;2;0,00;13,46
"0495";2;1;1;"66001";2017;1;2;0,00;13,46
"0496";1;4;1;"66088";2015;1;1;0,00;13,42
"0497";1;1;1;"66001";2014;1;1;0,00;11,09
"0497";2;1;1;"66001";2014;1;1;0,00;11,09
"0498";1;1;1;"66001";2010;1;1;0,00;14,83
"0521";1;4;1;"66001";2010;1;1;0,00;66,67
"0521";2;4;1;"66001";2014;1;1;0,00;66,67
"0522";1;1;1;"11001";9999;1;2;90000,00;53,69
"0523";1;4;1;"66001";2007;1;1;0,00;46,27
"0528";1;4;1;"66001";2007;1;1;0,00;58,30
"0537";1;4;1;"76895";1989;1;1;0,00;14,06
"0538";1;1;1;"66001";2015;1;1;0,00;108,30
"0538";2;2;2;"17001";2014;1;1;0,00;108,30
"0540";1;1;1;"66001";2009;1;1;0,00;10,52
"0542";1;4;1;"66001";2016;1;1;0,00;45,61
"0553";1;7;4;"05059";1997;1;4;0,00;11,85
"0554";1;2;4;"05266";1995;1;2;0,00;52,07
"0554";2;4;1;"66001";2012;1;1;0,00;52,07
"0556";1;4;1;"66001";2006;1;1;0,00;6,02
"0563";1;4;1;"05615";2016;1;1;0,00;130,93
"0567";1;1;1;"11001";2011;1;1;0,00;137,86
"0567";2;3;2;"66001";2014;1;3;90000,00;137,86
"0567";3;5;4;"66001";2010;1;3;80000,00;137,86
"0567";4;5;4;"66001";2011;1;3;80000,00;137,86
"0568";1;4;1;"66001";9999;1;3;30000,00;7,24
"0570";1;4;1;"66001";2014;2;2;0,00;137,86
"0570";2;4;1;"66001";2015;1;2;25000,00;137,86
"0572";1;4;1;"66001";2010;1;1;0,00;5,52
"0572";2;4;1;"66001";2000;1;1;0,00;5,52
"0573";1;4;1;"66001";2007;1;1;0,00;5,52
"0575";1;4;1;"66001";2014;1;1;0,00;7,24
"0575";2;4;1;"66001";2007;1;1;0,00;7,24
"0581";1;1;1;"66001";2012;1;1;0,00;47,32
"0582";1;4;1;"66170";2017;1;2;0,00;10,06
"0583";1;4;1;"66001";9999;1;1;0,00;9,92
"0586";1;1;1;"66001";9999;1;1;0,00;27,12
"0592";1;1;1;"66001";9999;1;4;0,00;28,65
"0593";1;1;1;"66001";2017;1;1;0,00;54,91
"0597";1;1;1;"76001";9999;1;1;0,00;28,98
"0598";1;2;1;"66001";9999;1;4;0,00;29,32
"0598";2;2;1;"66001";9999;1;4;0,00;29,32
"0605";1;1;1;"76834";2015;1;4;0,00;9,21
"0605";2;1;1;"66001";2015;1;4;0,00;9,21
"0605";3;2;2;"05631";2014;1;4;0,00;9,21
"0605";4;2;2;"66001";2016;1;1;0,00;9,21
"0605";5;2;1;"66001";2014;1;1;0,00;9,21
"0606";1;1;1;"66001";2009;1;2;0,00;16,42
"0607";1;1;1;"66001";2012;1;1;0,00;16,42
"0608";1;2;1;"66001";2014;1;1;0,00;17,31
"0608";2;2;1;"66001";2016;1;4;0,00;17,31
"0609";1;1;1;"66001";2015;1;1;0,00;7,02
"0609";2;1;1;"11001";2014;1;1;0,00;7,02
"0610";1;1;1;"66001";2015;1;1;0,00;7,15
"0617";1;1;1;"66001";2005;1;1;0,00;41,18
"0618";1;1;1;"11001";2006;1;1;50000,00;27,06
"0618";2;4;1;"66001";2015;1;1;30000,00;27,06
"0620";1;1;1;"11001";2010;1;1;0,00;41,18
"0620";2;4;1;"66001";2017;1;1;0,00;41,18
"0631";1;1;1;"11001";2013;1;1;0,00;10,83
"0632";1;1;1;"66001";9999;1;1;0,00;65,91
"0633";1;1;1;"66001";1996;1;1;0,00;65,91
"0634";1;1;1;"66001";2012;1;1;0,00;65,91
"0636";1;1;1;"17001";1954;1;1;0,00;29,84
"0636";2;1;1;"17001";2017;1;2;0,00;29,84
"0637";1;2;2;"66001";2013;1;1;0,00;51,95
"0637";2;4;1;"66170";2015;1;1;0,00;51,95
"0638";1;1;1;"66001";2015;1;1;0,00;65,91
"0639";1;1;1;"66001";2010;1;2;0,00;12,12
"0640";1;1;1;"66001";2012;1;2;0,00;27,74
"0640";2;2;1;"11001";2010;1;2;0,00;27,74
"0645";1;1;1;"66001";1995;1;2;90000,00;69,08
"0656";1;1;1;"66001";2015;1;4;0,00;45,49
"0658";1;1;1;"66001";1994;1;1;0,00;66,46
"0659";1;1;1;"66001";2010;1;1;0,00;240,55
"0659";2;4;1;"66001";2006;1;1;0,00;240,55
"0665";1;4;1;"66001";2010;1;1;0,00;92,82
"0667";1;4;1;"66001";2012;1;3;30000,00;8,27
"0671";1;4;1;"66001";2011;1;2;20000,00;49,60
"0676";1;1;1;"17001";1981;1;1;0,00;72,20
"0677";1;4;1;"66001";2016;1;1;0,00;59,27
"0677";2;4;1;"66001";2015;1;1;0,00;59,27
"0683";1;1;1;"66001";2011;1;1;0,00;44,38
"0683";2;2;1;"66001";2013;1;1;0,00;44,38
"0685";1;1;1;"05088";9999;1;1;0,00;33,76
"0688";1;2;1;"63001";2000;1;1;0,00;29,34
"0689";1;1;1;"76001";2007;1;1;0,00;35,46
"0689";2;4;1;"41206";2012;1;1;0,00;35,46
"0691";1;2;1;"66001";9999;1;1;0,00;25,60
"0692";1;1;1;"66001";2018;1;1;0,00;29,34
"0694";1;1;1;"66001";9999;1;1;0,00;28,71
"0694";2;2;1;"66001";2013;1;1;0,00;28,71
"0695";1;1;1;"66001";2014;1;2;0,00;47,96
"0699";1;2;2;"66001";2012;1;1;0,00;35,46
"0700";1;4;1;"66001";2017;1;1;0,00;25,47
"0700";2;4;1;"66001";2017;1;1;0,00;25,47
"0701";1;1;1;"66001";2010;1;2;0,00;29,84
"0702";1;1;1;"66001";2000;1;1;0,00;20,45
"0704";1;1;1;"05001";2013;1;4;0,00;12,29
"0707";1;2;1;"66001";2011;1;1;0,00;64,03
"0707";2;4;1;"66001";2016;1;1;0,00;64,03
"0714";1;1;1;"66001";2017;1;2;0,00;8,21
"0716";1;1;1;"17001";1998;1;2;25000,00;11,30
"0718";1;1;1;"11001";9999;1;1;0,00;9,38
"0718";2;4;1;"66001";9999;1;1;0,00;9,38
"0720";1;1;1;"66001";2013;1;1;0,00;8,29
"0723";1;1;1;"66001";1999;1;1;0,00;8,29
"0723";2;1;1;"66001";2013;1;1;0,00;8,29
"0724";1;1;1;"66001";2014;1;2;60000,00;8,46
"0725";1;1;1;"66001";1961;1;1;0,00;8,13
"0726";1;1;1;"66001";9999;1;1;0,00;17,24
"0727";1;4;1;"66001";2004;1;1;0,00;94,44
"0727";2;4;1;"66001";2016;1;1;0,00;94,44
"0727";3;4;1;"66001";1998;1;1;0,00;94,44
"0729";1;1;1;"11001";2018;1;3;50000,00;42,88
"0729";2;4;1;"66001";2014;1;3;20000,00;42,88
"0730";1;4;1;"66001";1997;1;1;0,00;55,12
"0731";1;9;1;"66001";1989;1;1;0,00;24,75
"0732";1;1;1;"66001";2012;1;3;50000,00;83,33
"0735";1;1;6;"05615";9999;1;2;0,00;28,37
"0746";1;4;1;"66001";2016;1;2;0,00;40,85
"0747";1;1;1;"76001";2000;1;4;0,00;40,62
"0747";2;4;1;"05615";2013;1;1;0,00;40,62
"0750";1;1;1;"66001";2005;1;1;0,00;28,60
"0752";1;1;1;"66001";2005;1;1;0,00;45,72
"0754";1;1;1;"66001";2017;1;1;0,00;39,67
"0757";1;1;1;"66001";2016;1;1;0,00;34,76
"0758";1;2;1;"66001";2012;1;2;0,00;29,74
"0761";1;1;1;"76001";2011;1;1;0,00;23,50
"0762";1;1;1;"66001";2005;1;1;0,00;26,75
"0767";1;4;1;"66001";2004;1;1;0,00;13,00
"0769";1;4;1;"66001";2008;1;1;0,00;30,94
"0774";1;1;1;"66001";2016;1;2;0,00;140,01
"0774";2;4;1;"66001";2013;1;2;0,00;140,01
"0778";1;1;1;"66001";2013;1;1;0,00;100,28
"0778";2;1;1;"66001";2017;1;1;0,00;100,28
"0779";1;4;1;"66001";2016;1;1;0,00;119,52
"0780";1;1;1;"66170";2009;1;1;0,00;99,39
"0782";1;1;1;"66001";2016;1;1;0,00;60,89
"0783";1;1;1;"11001";2012;1;1;0,00;88,38
"0788";1;1;1;"17001";1996;1;1;0,00;30,56
"0788";2;4;1;"05001";2009;1;1;0,00;30,56
"0789";1;4;1;"66001";2007;1;1;0,00;5,40
"0790";1;1;1;"17001";2004;1;1;0,00;18,82
"0792";1;4;1;"66001";1994;1;1;0,00;5,40
"0794";1;4;1;"66001";2015;1;1;0,00;30,94
"0803";1;1;1;"66001";2010;1;1;0,00;23,02
"0806";1;1;1;"17001";2009;1;2;0,00;21,61
"0808";1;1;1;"66001";2006;1;1;0,00;27,45
"0809";1;4;1;"66001";2016;1;1;0,00;21,31
"0810";1;1;1;"05266";2014;1;1;0,00;21,31
"0813";1;1;1;"66001";2017;1;1;0,00;27,87
"0814";1;1;2;"66001";2008;1;2;0,00;16,07
"0815";1;1;1;"66001";2016;1;2;40000,00;15,75
"0816";1;1;1;"66001";2007;1;1;0,00;26,79
"0816";2;4;1;"76147";2016;1;1;0,00;26,79
"0820";1;2;1;"66001";2018;1;2;0,00;15,81
"0822";1;1;1;"66001";2010;1;2;110000,00;15,49
"0823";1;2;1;"73001";2003;1;2;20000,00;43,14
"0827";1;4;1;"66001";2016;1;1;0,00;5,35
"0830";1;1;1;"66001";2013;1;1;0,00;9,01
"0830";2;4;1;"66001";2008;1;1;0,00;9,01
"0831";1;4;1;"66001";2017;1;1;0,00;5,35
"0833";1;1;1;"66001";2000;1;1;0,00;34,48
"0834";1;1;1;"11001";2009;1;1;0,00;8,82
"0836";1;1;1;"66001";2009;1;2;0,00;9,01
"0836";2;2;1;"66001";2013;1;2;0,00;9,01
"0837";1;1;1;"76111";2015;1;1;0,00;9,01
"0840";1;4;1;"66001";2016;1;1;0,00;20,27
"0844";1;1;1;"05266";2013;1;1;0,00;250,41
"0847";1;1;1;"66001";2007;1;1;0,00;147,51
"0848";1;1;1;"25307";2002;1;4;0,00;61,38
"0848";2;4;1;"66001";2017;1;1;0,00;61,38
"0849";1;1;1;"66001";2013;1;1;0,00;23,48
"0849";2;1;1;"66001";2013;1;1;0,00;23,48
"0849";3;1;1;"66001";2012;1;1;0,00;23,48
"0850";1;2;1;"17001";1979;1;2;80000,00;11,30
"0852";1;1;1;"11001";2012;1;1;0,00;10,24
"0854";1;4;1;"66001";9999;1;1;0,00;24,10
"0857";1;1;1;"66001";2013;1;1;0,00;38,36
"0858";1;1;1;"11001";2012;1;1;0,00;100,75
"0858";2;4;1;"66001";2012;1;1;0,00;100,75
"0860";1;2;1;"66001";2008;1;1;0,00;30,33
"0860";2;4;1;"66170";2015;1;1;0,00;30,33
"0864";1;1;1;"66001";9999;1;1;0,00;25,39
"0864";2;4;1;"66001";9999;1;1;0,00;25,39
"0866";1;1;1;"11001";2012;1;2;0,00;12,89
"0869";1;1;1;"76001";2017;1;2;0,00;19,47
"0869";2;4;1;"66001";2016;1;2;0,00;19,47
"0870";1;4;1;"66001";2010;1;1;0,00;46,28
"0871";1;1;1;"17001";2006;1;4;0,00;49,21
"0871";2;4;1;"76275";2004;1;4;0,00;49,21
"0874";1;4;1;"76147";2012;1;2;0,00;19,47
"0876";1;1;1;"11001";2011;1;2;0,00;37,77
"0878";1;1;1;"66001";2009;1;2;0,00;9,28
"0880";1;1;1;"66400";2015;1;2;0,00;6,18
"0881";1;1;1;"11001";1992;1;2;0,00;29,80
"0887";1;4;1;"66001";2016;1;1;0,00;14,06
"0889";1;4;1;"66001";2009;1;1;0,00;6,40
"0890";1;1;1;"66001";2013;1;1;0,00;10,83
"0894";1;4;4;"66001";2015;1;4;32000,00;29,57
"0895";1;4;1;"66170";2011;1;1;0,00;13,78
"0897";1;4;1;"76147";2014;1;1;0,00;24,94
"0898";1;1;1;"66170";9999;2;1;0,00;27,15
"0898";2;4;2;"66001";2008;1;1;0,00;27,15
"0901";1;1;1;"05266";2012;1;1;0,00;19,11
"0901";2;2;1;"13001";2012;1;1;0,00;19,11
"0905";1;1;1;"66001";9999;1;1;0,00;31,33
"0907";1;1;1;"66001";2009;1;1;0,00;59,88
"0908";1;1;1;"05615";9999;1;1;0,00;35,75
"0909";1;1;1;"66001";2013;1;1;0,00;26,02
"0909";2;4;1;"66001";2003;1;1;0,00;26,02
"0909";3;6;2;"17614";9999;1;2;80000,00;26,02
"0910";1;1;1;"17001";2012;1;1;0,00;29,89
"0912";1;1;1;"66001";2011;1;1;0,00;28,98
"0913";1;1;1;"11001";2008;1;2;60000,00;53,86
"0913";2;1;1;"66170";2016;1;2;60000,00;53,86
"0918";1;1;1;"66001";9999;1;1;0,00;323,66
"0920";1;1;1;"25175";2012;1;2;0,00;14,84
"0920";2;1;1;"25175";2003;1;2;0,00;14,84
"0928";1;1;1;"17001";2016;1;4;0,00;12,59
"0935";1;1;1;"76001";2014;1;2;0,00;18,21
"0936";1;1;1;"11001";2007;1;1;0,00;70,63
"0937";1;1;1;"05001";2011;1;1;0,00;28,70
"0938";1;1;1;"66001";2014;1;1;0,00;24,11
"0938";2;1;1;"66001";2016;1;1;0,00;24,11
"0939";1;4;1;"52001";2000;1;1;0,00;8,04
"0939";2;5;4;"66170";2011;5;2;60000,00;8,04
"0943";1;1;1;"11001";2006;1;3;20000,00;13,11
"0944";1;1;1;"73001";2008;1;1;0,00;4,61
"0950";1;1;1;"66001";2014;1;1;0,00;5,02
"0951";1;1;1;"76001";2012;1;1;0,00;108,30
"0951";2;1;1;"76001";2008;1;1;0,00;108,30
"0960";1;4;1;"66001";2003;1;1;0,00;28,05
"0962";1;1;1;"66001";2003;1;1;0,00;8,83
"0963";1;1;1;"70001";2015;1;1;0,00;8,83
"0964";1;1;1;"66001";2017;1;3;0,00;8,84
"0966";1;1;1;"68001";1994;1;1;0,00;8,85
"0967";1;4;1;"05134";2012;1;1;0,00;47,91
"0969";1;6;6;"27001";9999;1;2;0,00;29,74
"0971";1;1;1;"11001";1995;1;1;0,00;22,23
"0971";2;1;1;"11001";1993;1;1;0,00;22,23
"0973";1;4;1;"66001";2007;1;1;0,00;29,90
"0975";1;1;1;"66001";9999;1;3;0,00;11,30
"0979";1;1;1;"17001";9999;1;2;50000,00;19,28
"0979";2;4;1;"41206";9999;1;2;50000,00;19,28
"0983";1;4;1;"66001";2017;1;1;0,00;147,32
"0985";1;4;1;"66001";2006;1;1;0,00;14,12
"0986";1;2;1;"05266";2011;1;4;0,00;16,47
"0989";1;1;1;"17001";2000;1;2;0,00;17,52
"0990";1;1;1;"05266";2016;1;1;0,00;18,60
"0990";2;1;1;"66682";2009;1;1;0,00;18,60
"0993";1;4;1;"66001";2004;1;1;0,00;18,06
"0995";1;1;1;"66001";2013;1;2;0,00;26,44
"0997";1;1;1;"11001";9999;1;1;0,00;25,30
"0997";2;4;1;"66001";9999;1;1;0,00;25,30
"1003";1;4;1;"41206";2014;1;1;0,00;67,11
"1007";1;4;1;"66001";9999;1;1;0,00;67,11
"1019";1;2;2;"66001";2010;1;1;0,00;24,94
"1020";1;1;4;"66001";2009;1;2;40000,00;24,94
"1021";1;1;1;"66170";2012;1;1;0,00;29,11
"1021";2;4;1;"66400";2006;1;1;0,00;29,11
"1022";1;1;1;"63001";2013;1;1;0,00;17,74
"1026";1;1;1;"13001";2015;1;1;0,00;212,85
"1026";2;1;1;"66001";2015;1;1;0,00;212,85
"1028";1;1;1;"66001";2014;1;1;0,00;7,15
"1029";1;1;1;"11001";2014;1;1;0,00;137,12
"1029";2;1;1;"63001";2014;1;1;0,00;137,12
"1032";1;1;1;"66001";2014;1;1;0,00;17,74
"1035";1;1;1;"05266";2013;1;1;0,00;19,66
"1037";1;4;1;"63001";2012;1;1;0,00;20,30
"1039";1;4;1;"66001";2014;1;1;0,00;31,84
"1045";1;1;1;"66001";2012;1;1;0,00;61,99
"1046";1;1;1;"76248";1993;1;1;0,00;26,50
"1052";1;4;1;"66001";2013;1;1;0,00;12,73
"1055";1;4;1;"66001";2009;1;1;0,00;164,57
"1056";1;1;1;"66001";2005;1;2;0,00;10,50
"1060";1;4;1;"66001";2014;1;1;0,00;11,92
"1063";1;4;1;"66001";2014;1;1;0,00;11,47
"1065";1;1;1;"11001";2011;1;2;60000,00;71,31
"1073";1;2;3;"76001";1995;1;4;0,00;30,69
"1073";2;4;1;"66001";2014;1;1;0,00;30,69
"1079";1;4;1;"66001";2017;1;1;0,00;24,52
"1080";1;1;1;"66001";2015;1;2;0,00;36,99
"1084";1;1;1;"66001";1998;1;4;0,00;9,01
"1084";2;4;1;"66001";2000;1;1;0,00;9,01
"1087";1;1;1;"66001";2012;1;2;60000,00;36,96
"1091";1;4;1;"66001";2014;1;2;0,00;37,41
"1093";1;1;1;"11001";9999;1;2;136000,00;16,49
"1095";1;1;1;"66001";2016;1;1;0,00;100,89
"1099";1;1;1;"66001";2009;1;1;0,00;44,50
"1099";2;1;1;"66001";2016;1;1;0,00;44,50
"1105";1;4;1;"41206";9999;1;1;0,00;20,69
"1106";1;2;1;"66682";2000;1;4;0,00;19,58
"1106";2;4;1;"66170";2012;1;1;0,00;19,58
"1109";1;1;1;"41001";2014;1;1;0,00;34,22
"1111";1;1;1;"05001";2014;1;1;0,00;42,34
"1111";2;4;1;"05059";2012;1;1;0,00;42,34
"1113";1;1;1;"17001";2016;1;1;0,00;37,31
"1114";1;2;1;"63001";2008;1;1;0,00;35,11
"1116";1;1;1;"11001";2013;1;1;0,00;43,08
"1121";1;1;1;"66001";2013;1;1;0,00;124,87
"1125";1;1;1;"66001";2004;1;1;0,00;21,30
"1126";1;1;1;"17001";2011;1;1;0,00;29,74
"1127";1;4;1;"05001";2008;1;1;0,00;12,04
"1129";1;4;1;"66001";2014;1;4;0,00;26,62
"1135";1;1;1;"66001";2000;1;4;0,00;398,18
"1135";2;1;1;"66001";1995;1;4;0,00;398,18
"1135";3;1;1;"66001";1995;1;4;0,00;398,18
"1136";1;1;1;"66001";2016;1;4;0,00;27,27
"1136";2;1;1;"66001";2016;1;4;0,00;27,27
"1136";3;4;1;"66001";2014;1;1;0,00;27,27
"1136";4;4;1;"66001";2014;1;1;0,00;27,27
"1142";1;4;1;"18001";2012;1;1;0,00;124,77
"1148";1;2;2;"17001";2015;1;1;0,00;116,95
"1148";2;2;1;"17001";2018;1;1;0,00;116,95
"1149";1;1;1;"66001";2015;1;1;0,00;97,94
"1149";2;2;1;"66001";2017;1;1;0,00;97,94
"1151";1;1;1;"66170";2003;1;1;0,00;5,24
"1151";2;4;1;"05266";2005;1;1;0,00;5,24
"1152";1;4;1;"66170";2013;1;1;0,00;189,29
"1153";1;4;1;"66001";2013;1;1;0,00;159,84
"1154";1;4;1;"66001";9999;1;1;0,00;17,53
"1158";1;4;1;"66001";9999;1;2;0,00;10,06
"1163";1;1;1;"66001";2016;1;1;0,00;39,67
"1163";2;4;1;"66001";2006;1;1;0,00;39,67
"1164";1;2;1;"66001";2015;1;1;0,00;39,67
"1166";1;1;1;"66001";2015;1;1;0,00;36,98
"1166";2;4;1;"66001";2013;1;1;0,00;36,98
"1174";1;4;1;"66001";2014;1;1;0,00;67,11
"1183";1;4;1;"66001";2014;1;1;0,00;17,57
"1185";1;4;1;"66001";2016;1;1;0,00;54,95
"1187";1;4;1;"66001";2015;1;1;0,00;30,07
"1190";1;4;1;"66001";2017;1;1;0,00;30,07
"1192";1;1;1;"66001";2015;1;1;0,00;15,91
"1193";1;1;1;"05266";9999;1;1;0,00;43,74
"1193";2;4;1;"19807";1999;1;1;0,00;43,74
"1193";3;4;1;"66682";2015;1;1;0,00;43,74
"1194";1;4;1;"66001";2009;1;1;0,00;6,21
"1196";1;4;1;"66001";2010;1;1;0,00;20,76
"1203";1;1;1;"66001";2016;1;3;0,00;33,08
"1205";1;4;1;"66001";2013;1;1;0,00;17,73
"1206";1;1;1;"66170";2011;1;4;40000,00;13,82
"1207";1;4;1;"66001";2016;1;1;0,00;13,21
"1209";1;4;1;"66001";2012;1;1;0,00;5,40
"1209";2;4;1;"66001";2010;1;1;0,00;5,40
"1210";1;4;1;"66001";2001;1;1;0,00;24,41
"1211";1;4;1;"66001";2010;1;1;0,00;16,14
"1218";1;4;1;"66001";2015;1;1;0,00;28,27
"1219";1;1;1;"66001";2004;1;1;0,00;75,24
"1220";1;1;1;"66001";2008;1;1;0,00;75,24
"1220";2;4;1;"66001";2012;1;1;0,00;75,24
"1222";1;1;1;"66001";2010;1;4;0,00;85,95
"1222";2;4;1;"66001";2017;1;1;0,00;85,95
"1225";1;4;1;"66001";2017;1;1;0,00;96,66
"1226";1;4;1;"66001";2011;1;1;0,00;64,53
"1228";1;4;1;"66001";2008;1;1;0,00;177,00
"1235";1;4;1;"41206";1995;1;1;0,00;35,47
"1238";1;1;1;"11001";2002;1;3;60000,00;31,19
"1238";2;4;1;"66170";2011;1;1;0,00;31,19
"1239";1;4;1;"66001";9999;1;1;0,00;28,84
"1242";1;4;1;"66001";9999;1;1;0,00;40,39
"1246";1;4;1;"66001";2017;1;1;0,00;26,87
"1249";1;1;1;"76520";1975;1;2;60000,00;27,12
"1250";1;1;1;"66001";2012;1;2;0,00;27,12
"1250";2;1;1;"66001";2015;1;2;0,00;27,12
"1250";3;4;1;"66001";2011;1;2;0,00;27,12
"1256";1;4;1;"66001";2007;1;3;30000,00;86,95
"1256";2;4;1;"66001";2016;1;3;25000,00;86,95
"1257";1;4;1;"66001";2015;1;1;0,00;12,41
"1259";1;1;1;"17013";1994;1;1;0,00;17,22
"1262";1;1;1;"66682";2006;1;1;0,00;51,55
"1263";1;1;1;"17001";2015;1;1;0,00;36,98
"1263";2;1;2;"66001";2012;1;1;0,00;36,98
"1265";1;2;1;"66001";2018;1;1;0,00;72,84
"1265";2;2;1;"66001";2014;1;1;0,00;72,84
"1266";1;1;1;"66001";2013;1;1;0,00;19,08
"1268";1;4;1;"66001";2013;1;1;0,00;17,74
"1268";2;4;1;"66001";2015;1;1;0,00;17,74
"1269";1;1;1;"66001";2017;1;1;0,00;92,75
"1270";1;4;1;"66001";2015;1;1;0,00;19,08
"1271";1;1;1;"66001";2018;1;1;0,00;19,08
"1272";1;1;1;"66682";2000;1;1;0,00;52,76
"1273";1;1;1;"66001";2007;1;1;0,00;52,76
"1274";1;1;1;"66001";2015;1;1;0,00;51,00
"1274";2;1;1;"66001";2015;1;1;0,00;51,00
"1276";1;1;1;"17001";1996;1;1;0,00;51,10
"1277";1;1;1;"76147";2000;1;1;0,00;150,00
"1277";2;2;1;"66001";2006;1;1;0,00;150,00
"1277";3;2;2;"66001";2014;1;1;0,00;150,00
"1279";1;4;1;"66001";2013;1;1;0,00;133,32
"1280";1;1;1;"11001";2013;1;4;30000,00;62,38
"1280";2;4;1;"66001";2010;1;1;0,00;62,38
"1282";1;4;1;"66001";2012;1;1;0,00;84,02
"1284";1;4;1;"66001";2015;1;1;0,00;34,06
"1285";1;4;1;"66001";2008;2;1;0,00;50,41
"1299";1;1;1;"66001";9999;1;4;0,00;60,13
"1300";1;4;1;"66682";2015;1;1;0,00;27,20
"1304";1;4;1;"66001";2017;1;1;0,00;12,08
"1306";1;4;1;"66001";2016;1;1;0,00;29,27
"1307";1;1;1;"66001";2018;1;1;0,00;402,85
"1309";1;1;1;"76001";2011;1;3;50000,00;17,63
"1310";1;4;1;"66001";2017;1;1;0,00;25,23
"1311";1;4;1;"66001";2013;1;1;0,00;94,21
"1312";1;4;1;"66001";2017;1;1;0,00;33,15
"1320";1;4;1;"66001";2017;1;1;0,00;21,78
"1322";1;1;1;"66001";2015;1;2;168000,00;31,19
"1323";1;1;1;"66001";2003;1;1;0,00;104,05
"1325";1;1;1;"17001";2004;1;1;0,00;279,88
"1325";2;4;1;"76147";2014;1;1;0,00;279,88
"1327";1;4;1;"66001";2007;1;2;0,00;314,00
"1329";1;1;1;"63190";9999;1;4;0,00;33,17
"1332";1;4;1;"66001";9999;1;1;0,00;19,16
"1333";1;4;1;"66001";2009;1;1;0,00;47,88
"1337";1;4;1;"17174";2016;1;1;0,00;29,47
"1337";2;4;1;"66001";2012;1;1;0,00;29,47
"1342";1;1;1;"66001";2017;1;1;0,00;28,99
"1343";1;4;1;"66001";2014;1;1;0,00;132,70
"1343";2;4;1;"76001";9999;1;1;0,00;132,70
"1345";1;1;1;"66001";2014;1;1;0,00;98,32
"1345";2;4;1;"66001";2017;1;1;0,00;98,32
"1347";1;4;1;"66170";2014;1;1;0,00;34,25
"1349";1;4;1;"66170";2014;1;1;0,00;35,02
"1349";2;4;1;"66001";2012;1;1;0,00;35,02
"1352";1;4;1;"66001";2014;1;1;0,00;42,28
"1355";1;4;1;"66001";9999;1;1;0,00;66,97
"1356";1;2;4;"66001";1971;5;1;0,00;120,25
"1361";1;4;1;"11001";2016;1;1;0,00;44,16
"1364";1;4;1;"66001";9999;1;1;0,00;34,92
"1368";1;1;1;"66001";9999;1;4;0,00;36,91
"1379";1;1;1;"05001";2013;1;1;0,00;18,56
"1387";1;4;1;"17616";2011;1;1;0,00;140,14
"1387";2;4;1;"17616";2014;1;1;0,00;140,14
"1392";1;4;1;"66001";2015;1;1;0,00;86,30
"1393";1;1;1;"66001";2010;1;4;0,00;59,86
"1394";1;4;1;"66001";2013;1;1;0,00;167,91
"1396";1;4;1;"66001";2015;1;1;0,00;22,23
"1397";1;1;1;"66001";9999;1;1;0,00;24,43
"1400";1;1;4;"66001";2008;1;2;50000,00;8,31
"1402";1;4;1;"66170";2008;1;1;0,00;5,40
"1406";1;4;1;"66001";1979;1;1;0,00;39,18
"1415";1;4;1;"76147";2011;1;1;0,00;52,80
"1419";1;4;1;"05059";2016;1;1;0,00;17,96
"1421";1;4;1;"66001";9999;1;1;0,00;25,02
"1422";1;1;1;"66170";2008;1;1;0,00;57,13
"1422";2;4;1;"66001";2015;1;1;0,00;57,13
"1432";1;4;1;"66001";2014;1;2;15000,00;11,68
"1433";1;4;1;"66170";2005;1;1;0,00;239,07
"1434";1;4;1;"66001";2008;1;1;0,00;43,54
"1439";1;1;1;"66001";2012;1;1;0,00;24,49
"1440";1;1;1;"66001";2011;1;1;0,00;25,46
"1441";1;1;1;"11001";2013;1;1;0,00;26,44
"1441";2;4;1;"66001";2017;1;1;0,00;26,44
"1443";1;1;1;"66001";2014;1;2;0,00;11,18
"1444";1;1;1;"11001";2012;1;1;0,00;15,30
"1445";1;1;1;"66001";2013;1;2;0,00;19,43
"1449";1;1;1;"05266";2016;1;1;0,00;206,58
"1449";2;4;1;"66001";2011;1;1;0,00;206,58
"1453";1;4;1;"66001";2006;1;1;0,00;85,95
"1464";1;1;1;"66001";2013;1;2;0,00;19,47
"1468";1;4;1;"05001";2014;1;1;0,00;10,22
"1469";1;1;1;"66170";2015;1;2;100000,00;96,38
"1472";1;1;1;"66001";2014;1;1;0,00;13,11
"1474";1;1;1;"66001";2018;1;1;0,00;17,22
"1475";1;4;1;"66001";2014;1;1;0,00;18,26
"1476";1;1;1;"05001";2016;1;1;0,00;117,32
"1476";2;1;1;"76001";1999;1;1;0,00;117,32
"1476";3;4;1;"76001";2015;1;1;0,00;117,32
"1481";1;4;1;"66001";9999;1;1;0,00;112,90
"1482";1;4;1;"66001";2007;1;1;0,00;18,24
"1483";1;1;1;"63190";2011;1;1;0,00;43,74
"1485";1;1;1;"66400";2006;1;1;0,00;121,19
"1485";2;1;1;"66001";2015;1;1;0,00;121,19
"1486";1;2;1;"11001";2011;1;1;0,00;140,01
"1486";2;2;1;"11001";2013;1;1;0,00;140,01
"1487";1;1;1;"66001";2016;1;1;0,00;110,91
"1487";2;1;1;"66001";2014;1;1;0,00;110,91
"1489";1;1;2;"66001";2016;1;1;0,00;134,73
"1489";2;2;1;"66001";2016;1;1;0,00;134,73
"1490";1;1;1;"66001";2016;1;1;0,00;85,44
"1490";2;1;1;"66001";2015;1;1;0,00;85,44
"1490";3;2;1;"66001";2015;1;1;0,00;85,44
"1490";4;2;1;"66001";2015;1;1;0,00;85,44
"1490";5;2;1;"66001";2016;1;1;0,00;85,44
"1491";1;1;1;"11001";2011;1;1;0,00;86,47
"1491";2;1;1;"66682";2015;1;1;0,00;86,47
"1491";3;1;1;"66001";2015;1;1;0,00;86,47
"1494";1;1;1;"66001";2015;1;1;0,00;101,01
"1494";2;1;2;"66001";2016;1;1;0,00;101,01
"1494";3;1;2;"17001";2017;1;1;0,00;101,01
"1495";1;1;1;"66001";2016;1;1;0,00;43,74
"1495";2;1;1;"66001";2016;1;1;0,00;43,74
"1496";1;1;1;"66001";2018;1;1;0,00;65,36
"1497";1;4;1;"76001";2012;1;1;0,00;19,18
"1498";1;2;2;"05631";2009;1;1;0,00;19,68
"1499";1;1;1;"66001";2011;1;1;0,00;19,68
"1500";1;1;2;"66001";2016;1;1;0,00;98,44
"1501";1;1;1;"05266";2005;1;1;0,00;105,46
"1502";1;1;1;"66001";2018;1;1;0,00;22,69
"1502";2;4;1;"66170";2010;1;1;0,00;22,69
"1504";1;1;1;"63001";2015;1;1;0,00;98,02
"1504";2;4;1;"63001";9999;1;1;0,00;98,02
"1505";1;1;1;"66001";2014;1;1;0,00;79,98
"1505";2;1;1;"66001";2014;1;1;0,00;79,98
"1506";1;1;1;"66001";2011;1;1;0,00;65,16
"1507";1;1;1;"66001";2006;1;1;0,00;83,16
"1507";2;1;1;"05266";2012;1;1;0,00;83,16
"1508";1;1;1;"66001";2018;1;1;0,00;66,79
"1508";2;1;1;"05266";2006;1;1;0,00;66,79
"1509";1;1;1;"66001";2014;1;1;0,00;60,18
"1511";1;1;1;"66001";2015;1;1;0,00;88,55
"1512";1;2;1;"66001";2009;1;1;0,00;15,08
"1513";1;1;1;"66001";2012;1;1;0,00;23,29
"1515";1;1;1;"05001";2007;1;1;0,00;23,29
"1517";1;1;1;"66001";2014;1;1;0,00;40,77
"1519";1;1;1;"66001";2016;1;1;0,00;51,55
"1520";1;1;1;"76001";1978;1;1;0,00;98,36
"1520";2;1;1;"76001";2004;1;1;0,00;98,36
"1522";1;1;1;"05129";2015;1;1;0,00;98,24
"1522";2;4;1;"76001";2014;1;1;0,00;98,24
"1524";1;1;1;"66001";2007;1;4;0,00;57,13
"1524";2;4;1;"66001";2013;1;1;0,00;57,13
"1527";1;4;1;"66001";2014;1;1;0,00;57,13
"1529";1;4;1;"66001";2017;1;1;0,00;24,59
"1529";2;4;1;"66001";2014;1;1;0,00;24,59
"1529";3;4;1;"66001";2015;1;1;0,00;24,59
"1531";1;1;1;"66001";1991;1;2;0,00;505,65
"1532";1;1;1;"63190";2016;1;3;30000,00;234,41
"1532";2;4;1;"66001";2008;1;2;0,00;234,41
"1533";1;1;1;"17001";2002;1;1;0,00;107,75
"1533";2;4;1;"66170";2006;1;1;0,00;107,75
"1536";1;4;1;"66001";9999;1;1;0,00;48,41
"1537";1;1;1;"66001";2014;1;3;150000,00;36,31
"1537";2;4;1;"66001";2015;1;3;60000,00;36,31
"1537";3;5;1;"66001";2017;1;1;0,00;36,31
"1540";1;4;1;"66383";2001;1;1;0,00;29,82
"1542";1;4;1;"63190";9999;1;1;0,00;35,99
"1543";1;4;1;"66170";2003;1;1;0,00;33,70
"1548";1;4;1;"76147";2014;1;1;0,00;37,14
"1548";2;4;1;"76147";2004;1;1;0,00;37,14
"1549";1;4;1;"66170";2010;1;1;0,00;19,21
"1552";1;4;1;"66001";2013;1;2;20000,00;2,29
"1559";1;1;1;"66001";2011;1;1;0,00;53,67
"1559";2;4;1;"66001";2017;1;1;0,00;53,67
"1562";1;1;1;"11001";1999;1;1;0,00;454,91
"1562";2;1;1;"66001";2005;1;1;0,00;454,91
"1567";1;2;1;"11001";2014;1;1;0,00;49,03
"1568";1;4;1;"76147";2001;1;1;0,00;12,41
"1571";1;1;1;"66001";2018;1;1;0,00;34,76
"1571";2;4;1;"66001";2009;1;1;0,00;34,76
"1572";1;1;1;"17001";2012;1;1;0,00;115,54
"1572";2;2;2;"66001";2012;1;1;0,00;115,54
"1574";1;1;1;"66001";9999;1;1;0,00;115,54
"1574";2;4;1;"66001";9999;1;1;0,00;115,54
"1577";1;1;1;"66001";2012;1;2;30000,00;80,23
"1577";2;2;1;"63001";1968;1;2;30000,00;80,23
"1578";1;1;1;"66001";2007;1;1;0,00;25,64
"1578";2;1;1;"66001";2016;1;1;0,00;25,64
"1580";1;1;1;"05001";2003;1;1;0,00;25,56
"1581";1;2;1;"66001";2015;1;1;0,00;126,70
"1582";1;1;1;"66170";2003;1;1;0,00;25,80
"1582";2;4;1;"66001";2016;1;1;0,00;25,80
"1584";1;1;1;"66001";2017;1;1;0,00;107,42
"1585";1;2;1;"66001";2011;1;1;0,00;79,55
"1593";1;4;1;"66001";2014;1;1;0,00;3,84
"1595";1;4;1;"76147";2006;1;2;20000,00;20,90
"1598";1;4;1;"66001";2014;1;2;20000,00;25,66
"1600";1;1;1;"66001";1994;1;1;0,00;102,15
"1606";1;1;1;"66001";1996;1;4;0,00;11,98
"1606";2;4;1;"66001";2012;1;1;0,00;11,98
"1608";1;4;1;"66001";2014;1;1;0,00;36,79
"1613";1;4;1;"66170";2013;1;1;0,00;32,90
"1615";1;4;1;"66170";2016;1;1;0,00;33,39
"1617";1;4;1;"66001";1996;1;1;0,00;21,35
"1618";1;4;1;"66001";9999;1;1;0,00;2,56
"1619";1;4;1;"66001";2012;1;1;0,00;21,78
"1620";1;1;1;"76400";1993;1;1;0,00;14,33
"1620";2;1;1;"66001";9999;1;4;0,00;14,33
"1620";3;4;1;"66001";9999;1;1;0,00;14,33
"1623";1;1;1;"66001";9999;1;1;0,00;38,42
"1630";1;1;4;"05001";1998;1;3;30000,00;136,68
"1631";1;1;1;"41206";9999;1;3;35000,00;41,23
"1636";1;4;1;"66001";2015;1;1;0,00;84,19
"1638";1;1;1;"66001";2016;1;4;50000,00;65,03
"1639";1;4;4;"66001";2011;1;1;0,00;83,63
"1640";1;4;1;"63001";2008;1;1;0,00;149,71
"1642";1;4;1;"66001";2014;1;1;0,00;54,95
"1642";2;4;1;"66001";2014;5;1;0,00;54,95
"1643";1;4;1;"66001";2016;1;1;0,00;46,41
"1644";1;1;1;"66001";2014;1;1;0,00;43,74
"1644";2;1;2;"05266";2015;1;1;0,00;43,74
"1645";1;1;2;"66001";2015;1;1;0,00;43,74
"1645";2;1;1;"66001";2017;1;1;0,00;43,74
"1645";3;4;1;"66001";2015;1;1;0,00;43,74
"1645";4;4;1;"66001";2017;1;1;0,00;43,74
"1647";1;1;1;"11001";2017;1;1;0,00;43,74
"1647";2;1;1;"66001";2017;1;1;0,00;43,74
"1649";1;1;1;"66001";2008;1;1;0,00;62,83
"1649";2;1;1;"66001";2014;1;1;0,00;62,83
"1651";1;1;1;"11001";2017;1;1;0,00;67,50
"1653";1;1;1;"66001";2017;1;1;0,00;95,72
"1653";2;1;1;"11001";2011;1;1;0,00;95,72
"1654";1;4;1;"66001";2018;1;1;0,00;56,74
"1656";1;1;1;"66001";2013;1;1;0,00;82,96
"1656";2;1;1;"11001";2007;1;1;0,00;82,96
"1662";1;1;1;"66001";2016;1;2;0,00;85,58
"1662";2;1;1;"66001";2016;1;2;0,00;85,58
"1663";1;2;1;"11001";2014;1;1;0,00;62,80
"1665";1;1;1;"66001";2012;1;1;0,00;43,74
"1665";2;1;1;"66001";2016;1;1;0,00;43,74
"1666";1;1;1;"11001";2014;1;1;0,00;85,55
"1666";2;1;1;"66001";2013;1;1;0,00;85,55
"1667";1;1;1;"66001";2014;1;1;0,00;115,49
"1667";2;1;1;"66001";2015;1;1;0,00;115,49
"1669";1;1;1;"66001";2017;1;1;0,00;51,52
"1669";2;1;1;"66001";2017;1;1;0,00;51,52
"1670";1;1;1;"11001";2007;1;1;0,00;56,74
"1670";2;4;1;"66001";2011;1;1;0,00;56,74
"1672";1;1;1;"63130";2014;1;1;0,00;43,74
"1672";2;2;1;"66001";2010;1;1;0,00;43,74
"1672";3;2;2;"66001";2010;1;1;0,00;43,74
"1672";4;2;2;"11001";2011;1;1;0,00;43,74
"1672";5;2;2;"11001";2012;1;1;0,00;43,74
"1673";1;1;1;"05001";1994;1;1;0,00;23,37
"1676";1;1;1;"66001";2002;1;4;0,00;79,39
"1679";1;4;1;"66001";2013;1;1;0,00;22,48
"1681";1;1;1;"66001";1977;1;1;0,00;21,36
"1681";2;4;1;"66001";2016;1;1;0,00;21,36
"1687";1;4;1;"66001";2011;1;1;0,00;30,17
"1694";1;4;1;"76364";2011;1;2;28000,00;13,00
"1696";1;4;1;"66045";2012;1;1;0,00;12,86
"1698";1;4;1;"66001";2012;1;1;0,00;48,59
"1698";4;4;1;"66170";2016;1;1;0,00;48,59
"1703";1;2;2;"50001";2012;1;3;80000,00;5,79
"1704";1;4;1;"66001";2006;1;1;0,00;99,06
"1706";1;1;1;"11001";2003;1;1;0,00;73,08
"1706";2;4;1;"66682";1996;1;1;0,00;73,08
"1709";1;4;1;"66001";2012;1;1;0,00;25,56
"1710";1;4;1;"05001";2006;1;1;0,00;56,19
"1710";2;4;1;"66001";1998;1;1;0,00;56,19
"1711";1;4;1;"66001";2014;1;1;0,00;21,62
"1711";2;4;1;"66001";2016;1;1;0,00;21,62
"1715";1;4;1;"11001";2014;1;1;0,00;5,29
"1718";1;4;1;"66001";2010;1;1;0,00;10,84
"1721";1;4;1;"66001";2014;1;1;0,00;4,03
"1721";2;1;1;"66001";2014;1;1;0,00;4,03
"1721";3;4;1;"66001";2017;1;1;0,00;4,03
"1723";1;4;1;"66170";2000;1;2;60000,00;16,11
"1724";1;1;1;"05631";2016;1;2;50000,00;9,75
"1725";1;1;1;"66001";1997;1;2;50000,00;13,01
"1731";1;4;1;"66001";2012;1;1;0,00;53,50
"1733";1;4;1;"66170";2013;1;1;0,00;28,20
"1737";1;4;1;"66170";2012;1;1;0,00;38,13
"1737";2;4;1;"66170";2015;1;1;0,00;38,13
"1739";1;4;1;"66001";2013;1;1;0,00;20,90
"1744";1;4;1;"05001";2012;1;1;0,00;199,26
"1750";1;4;1;"66001";9999;1;1;0,00;259,87
"1753";1;1;1;"66001";2008;1;1;0,00;113,79
"1753";2;4;1;"66001";2012;1;1;0,00;113,79
"1755";1;1;1;"66170";2003;1;2;60000,00;109,03
"1755";2;1;1;"66001";2009;1;1;0,00;109,03
"1755";3;1;1;"66001";2017;1;2;60000,00;109,03
"1760";1;4;1;"66001";2007;1;1;0,00;298,90
"1761";1;4;1;"66001";2016;1;1;0,00;133,84
"1762";1;4;1;"66170";2012;1;1;0,00;13,19
"1763";1;4;1;"66001";2008;1;1;0,00;13,81
"1775";1;4;1;"66170";2008;1;1;0,00;19,40
"1784";1;1;1;"66001";2017;1;1;0,00;16,42
"1787";1;2;1;"66001";2013;1;1;0,00;34,62
"1790";1;4;1;"05001";1987;1;1;0,00;25,50
"1791";1;1;1;"11001";2008;1;1;0,00;28,94
"1800";1;1;1;"66001";2016;1;1;0,00;34,76
"1800";2;1;1;"66001";2017;1;1;0,00;34,76
"1803";1;1;1;"66001";1986;1;1;0,00;35,45
"1805";1;4;1;"66001";2014;1;1;0,00;45,03
"1807";1;4;1;"66001";2014;1;1;0,00;31,78
"1808";1;4;1;"66001";2006;1;1;0,00;39,35
"1810";1;4;1;"66001";1998;1;1;0,00;48,62
"1812";1;4;1;"66682";2012;1;1;0,00;33,82
"1812";2;4;1;"66001";2005;1;1;0,00;33,82
"1813";1;1;1;"66001";9999;2;4;0,00;37,87
"1814";1;1;4;"76001";1995;1;4;0,00;202,07
"1816";1;4;1;"05615";9999;1;1;0,00;18,70
"1817";1;4;1;"66001";2010;1;1;0,00;245,45
"1818";1;4;1;"66001";2016;1;1;0,00;5,40
"1819";1;1;1;"66001";9999;1;2;60000,00;20,71
"1819";2;4;1;"66001";2015;1;2;30000,00;20,71
"1821";1;4;1;"66170";2014;1;1;0,00;79,08
"1821";2;4;1;"76895";2011;1;1;0,00;79,08
"1824";1;4;1;"66001";2016;1;1;0,00;22,19
"1825";1;4;1;"66001";2016;1;1;0,00;90,88
"1827";1;4;1;"25151";2017;1;2;20000,00;79,22
"1829";1;4;1;"66001";2017;1;4;0,00;25,50
"1836";1;4;1;"66001";2013;1;1;0,00;304,49
"1845";1;1;1;"66001";2012;1;1;0,00;10,48
"1850";1;1;1;"05001";1982;1;2;60000,00;13,35
"1852";1;4;1;"66001";2014;1;1;0,00;21,16
"1855";1;4;1;"66001";2014;1;1;0,00;37,13
"1856";1;4;1;"66001";2015;1;1;0,00;30,75
"1857";1;4;1;"66001";2014;1;1;0,00;81,05
"1858";1;4;1;"66001";1995;1;3;20000,00;75,08
"1859";1;4;1;"76147";2013;1;1;0,00;100,71
"1860";1;4;1;"63001";2011;1;1;0,00;94,77
"1861";1;1;1;"25473";2002;1;2;60000,00;94,77
"1863";1;4;1;"17380";1996;1;1;0,00;16,71
"1870";1;1;1;"66001";1989;1;4;0,00;32,93
"1875";1;4;1;"86001";1996;1;1;0,00;419,69
"1877";1;4;1;"66001";2013;1;1;0,00;15,20
"1881";1;2;4;"66001";1993;1;3;80000,00;22,20
"1882";1;4;1;"66001";2016;1;1;0,00;17,53
"1886";1;2;1;"66001";2015;1;1;0,00;29,53
"1887";1;1;1;"66001";2003;1;2;60000,00;45,86
"1889";1;1;1;"66001";2004;1;3;25000,00;118,09
"1889";2;1;1;"66001";2014;1;3;25000,00;118,09
"1890";1;1;1;"76400";2008;1;1;0,00;42,01
"1894";1;1;1;"66001";9999;1;2;35000,00;20,86
"1895";1;4;1;"76111";9999;1;2;30000,00;79,06
"1897";1;4;1;"66001";2017;1;1;0,00;24,18
"1898";1;4;1;"66170";2015;1;1;0,00;29,59
"1899";1;4;1;"66170";2014;1;1;0,00;99,58
"1899";2;4;1;"66170";2014;1;1;0,00;99,58
"1899";3;4;1;"66170";2015;1;1;0,00;99,58
"1900";1;4;1;"66001";2013;1;1;0,00;32,87
"1901";1;4;1;"66001";9999;1;1;0,00;195,46
"1902";1;4;1;"73001";2012;1;1;0,00;15,45
"1903";1;1;1;"17001";1989;1;4;0,00;17,61
"1903";2;4;1;"66001";2003;1;1;0,00;17,61
"1904";1;4;1;"66001";9999;1;1;0,00;129,92
"1906";1;4;1;"76147";9999;1;1;0,00;20,82
"1906";2;4;1;"66001";2013;1;1;0,00;20,82
"1910";1;4;1;"66001";2009;1;1;0,00;31,78
"1912";1;4;1;"66001";9999;1;1;0,00;64,39
"1913";1;4;1;"66001";2014;1;1;0,00;28,61
"1916";1;4;1;"17001";2013;1;1;0,00;51,76
"1916";2;4;1;"66001";2015;1;1;0,00;51,76
"1918";1;1;1;"66001";2011;1;4;40000,00;14,60
"1919";1;4;1;"11001";2013;1;2;15000,00;55,34
"1923";1;4;1;"66001";2015;1;1;0,00;81,11
"1925";1;4;1;"66170";2008;1;4;16000,00;140,79
"1929";1;4;1;"66001";9999;1;1;0,00;74,81
"1933";1;4;1;"66400";2013;1;1;0,00;48,62
"1933";2;4;1;"66001";2016;1;1;0,00;48,62
"1938";1;4;1;"66001";2010;1;1;0,00;28,60
"1938";2;4;1;"66001";2012;1;1;0,00;28,60
"1942";1;5;4;"66001";9999;1;1;0,00;9,91
"1945";1;1;1;"25754";9999;1;3;75000,00;48,42
"1945";2;4;1;"76109";2006;1;1;0,00;48,42
"1947";1;4;1;"17001";2010;1;1;0,00;19,35
"1947";2;4;2;"17001";2010;1;1;0,00;19,35
"1951";1;4;1;"66001";1994;1;1;0,00;30,00
"1956";1;4;1;"66001";2014;1;1;0,00;66,87
"1956";2;4;1;"66682";2012;1;1;0,00;66,87
"1956";3;4;1;"66001";1997;1;1;0,00;66,87
"1957";1;1;1;"11001";1998;1;4;20000,00;19,84
"1962";1;1;1;"66001";2001;1;1;0,00;48,35
"1963";1;4;1;"66001";2015;1;1;0,00;48,35
"1963";2;1;1;"11001";2010;1;1;0,00;48,35
"1967";1;1;1;"66001";1983;1;1;0,00;123,14
"1969";1;4;1;"66400";2015;1;1;0,00;85,00
"1970";1;4;1;"66170";2004;1;1;0,00;147,75
"1970";2;4;1;"66001";2017;1;1;0,00;147,75
"1973";1;1;1;"11001";2011;1;3;0,00;12,62
"1973";2;4;1;"66001";2015;1;1;0,00;12,62
"1975";1;1;1;"76001";1994;1;2;0,00;53,52
"1975";2;4;1;"66001";2014;1;2;0,00;53,52
"1976";1;2;4;"66001";2015;1;1;0,00;10,69
"1976";2;4;1;"66001";2001;1;1;0,00;10,69
"1977";1;4;1;"63130";2011;1;1;0,00;13,81
"1980";1;4;1;"66001";2015;1;1;0,00;22,65
"1984";1;4;1;"66170";2015;1;1;0,00;25,17
"1984";2;4;1;"66001";2014;1;2;30000,00;25,17
"1987";1;4;1;"66001";2015;1;2;25000,00;17,96
"1989";1;4;1;"25307";2000;1;1;0,00;50,38
"1990";1;4;1;"66001";2015;1;1;0,00;103,24
"1993";1;4;1;"66001";2012;1;1;0,00;15,29
"1994";1;1;1;"76001";2006;1;1;0,00;24,24
"1994";2;4;1;"66001";2016;1;1;0,00;24,24
"1995";1;4;1;"63001";2011;1;1;0,00;22,65
"1996";1;4;1;"76001";2015;1;1;0,00;32,36
"1997";1;4;1;"66001";2014;1;2;20000,00;50,79
"2002";1;4;1;"66001";2008;1;1;0,00;74,11
"2002";2;4;1;"17001";2008;1;1;0,00;74,11
"2006";1;4;1;"66001";2016;1;1;0,00;16,41
"2007";1;1;1;"66001";2005;1;3;0,00;45,14
"2009";1;1;1;"66001";2017;1;3;0,00;51,47
"2009";2;4;1;"66170";2011;1;1;0,00;51,47
"2012";1;4;1;"76122";2014;1;1;0,00;58,93
"2015";1;1;1;"66170";2012;1;3;70000,00;13,19
"2015";2;4;1;"66001";2000;1;1;0,00;13,19
"2016";1;4;1;"66001";2016;1;1;0,00;103,24
"2016";2;4;1;"66001";2016;1;1;0,00;103,24
"2017";1;4;1;"17088";2000;1;1;0,00;382,59
"2018";1;4;1;"66001";2009;1;1;0,00;47,13
"2019";1;4;1;"66001";2016;1;1;0,00;17,70
"2019";2;4;1;"66001";2008;1;1;0,00;17,70
"2019";3;4;1;"66001";2017;1;1;0,00;17,70
"2020";1;4;1;"66001";2012;1;1;0,00;71,44
"2021";1;4;1;"66170";2006;1;1;0,00;58,18
"2022";1;4;1;"17001";1996;1;1;0,00;58,86
"2023";1;1;1;"66001";2008;1;2;0,00;196,70
"2025";1;4;1;"66001";9999;1;1;0,00;69,45
"2025";2;4;1;"66001";9999;1;1;0,00;69,45
"2026";1;1;1;"66001";2009;1;3;70000,00;14,44
"2027";1;4;1;"66170";2008;1;1;0,00;50,93
"2031";1;1;1;"17001";2007;1;1;0,00;13,29
"2031";2;4;1;"68524";2013;1;1;0,00;13,29
"2036";1;4;1;"66001";9999;1;1;0,00;84,02
"2036";2;4;1;"66001";9999;1;1;0,00;84,02
"2038";1;1;1;"66001";1994;1;1;0,00;96,67
"2041";1;1;1;"66001";2015;1;1;0,00;28,83
"2041";2;2;2;"17001";2012;1;2;60000,00;28,83
"2042";1;1;1;"66001";2015;1;1;0,00;28,82
"2042";2;1;1;"66001";2013;1;1;0,00;28,82
"2042";3;4;1;"66001";2016;1;1;0,00;28,82
"2044";1;4;1;"66001";2008;1;1;0,00;20,14
"2044";2;1;1;"05001";1998;1;1;0,00;20,14
"2045";1;4;1;"05001";2016;1;1;0,00;12,33
"2046";1;4;1;"66001";2008;1;1;0,00;12,80
"2050";1;4;1;"76001";2007;1;1;0,00;114,02
"2051";1;4;1;"66001";2011;1;1;0,00;22,23
"2053";1;1;1;"11001";2011;1;1;0,00;27,32
"2053";2;1;1;"17001";2014;1;3;80000,00;27,32
"2053";3;4;1;"05001";2016;1;1;0,00;27,32
"2053";4;4;1;"66001";2017;1;1;0,00;27,32
"2055";1;4;1;"66170";2003;1;1;0,00;71,44
"2060";1;1;1;"66001";2016;1;1;0,00;59,75
"2062";1;1;1;"11001";2015;1;1;0,00;23,50
"2063";1;1;1;"66001";2012;1;2;0,00;59,15
"2063";2;1;1;"66001";2014;1;3;0,00;59,15
"2064";1;1;1;"11001";2014;1;1;0,00;126,70
"2065";1;4;1;"66001";2016;1;1;0,00;64,30
"2065";2;4;1;"66001";2006;1;1;0,00;64,30
"2067";1;4;1;"66001";2012;1;1;0,00;71,44
"2068";1;4;1;"66001";2017;1;1;0,00;160,32
"2069";1;1;1;"66001";2003;1;4;0,00;62,71
"2070";1;4;1;"66170";2015;1;1;0,00;121,94
"2072";1;1;1;"66001";2015;1;1;0,00;27,92
"2073";1;1;1;"66001";2012;1;1;0,00;24,45
"2073";2;4;1;"66400";2016;1;1;0,00;24,45
"2074";1;1;1;"66001";2015;1;2;0,00;364,87
"2079";1;1;1;"05266";2012;1;3;0,00;170,83
"2079";2;4;1;"66001";2017;1;1;0,00;170,83
"2080";1;4;1;"66001";2012;1;1;0,00;72,62
"2081";1;4;1;"66001";2013;1;1;0,00;32,62
"2084";1;1;1;"66170";2010;1;2;0,00;27,45
"2087";1;4;1;"66001";2015;1;1;0,00;83,73
"2094";1;1;4;"63001";1995;1;2;0,00;27,35
"2095";1;1;1;"66001";2007;1;1;0,00;13,08
"2096";1;1;1;"11001";2011;1;1;0,00;12,90
"2098";1;4;1;"66001";2011;1;1;0,00;79,42
"2099";1;4;1;"76147";2013;1;1;0,00;83,73
"2100";1;1;2;"66001";2017;1;2;0,00;22,23
"2100";2;1;2;"66001";2015;1;2;0,00;22,23
"2102";1;1;1;"66001";2016;1;1;0,00;12,80
"2103";1;2;1;"66001";2017;1;1;0,00;12,90
"2106";1;4;1;"11001";2013;1;1;0,00;109,78
"2109";1;1;1;"66001";2012;1;1;0,00;28,99
"2110";1;2;1;"76001";2017;1;2;0,00;34,90
"2111";1;1;1;"05059";2008;1;1;0,00;58,02
"2112";1;4;1;"66001";2013;1;2;17500,00;62,18
"2112";2;4;1;"66170";2016;1;2;17500,00;62,18
"2113";1;4;1;"66001";2014;1;1;0,00;61,45
"2113";2;4;1;"41206";9999;1;1;0,00;61,45
"2114";1;4;1;"66001";2014;1;1;0,00;58,86
"2115";1;4;1;"66001";2008;1;1;0,00;58,18
"2119";1;4;1;"66001";2017;1;1;0,00;62,71
"2121";1;1;1;"66001";2011;1;1;0,00;23,50
"2122";1;1;1;"66001";2015;1;1;0,00;48,49
"2125";1;1;1;"66001";2015;1;1;0,00;34,47
"2126";1;1;1;"66001";2016;1;3;60000,00;47,65
"2128";1;1;1;"11001";2017;1;2;100000,00;28,75
"2131";1;4;1;"66001";9999;1;1;0,00;37,87
"2131";2;4;1;"66001";9999;1;1;0,00;37,87
"2132";1;4;1;"66001";2012;1;3;30000,00;13,35
"2133";1;4;1;"66001";2017;1;1;0,00;30,75
"2134";1;4;1;"66001";2007;1;1;0,00;63,69
"2135";1;4;1;"66001";2005;1;1;0,00;81,05
"2138";1;4;1;"66170";2010;1;1;0,00;25,29
"2140";1;4;1;"63130";2007;1;1;0,00;94,77
"2141";1;4;1;"66001";9999;1;1;0,00;14,34
"2142";1;1;1;"66001";2016;1;1;0,00;9,90
"2142";2;4;1;"66001";2015;1;1;0,00;9,90
"2146";1;4;1;"66001";2015;1;2;20000,00;47,65
"2151";1;1;1;"17001";2006;1;1;0,00;9,90
"2154";1;4;1;"66001";2012;1;1;0,00;35,93
"2155";1;4;1;"66001";2012;1;1;0,00;30,75
"2161";1;1;1;"11001";2005;1;1;0,00;22,10
"2164";1;4;1;"66001";9999;1;1;0,00;85,92
"2165";1;4;1;"66001";9999;1;1;0,00;7,67
"2169";1;4;1;"66001";2015;1;1;0,00;20,89
"2170";1;4;1;"66001";2016;1;1;0,00;35,54
"2171";1;4;1;"66170";2007;1;2;0,00;46,35
"2174";1;4;4;"66170";2016;1;2;0,00;20,26
"2175";1;4;1;"66001";2013;1;2;0,00;51,47
"2176";1;4;1;"66001";2007;1;1;0,00;71,38
"2177";1;1;1;"66001";1998;1;1;0,00;11,39
"2179";1;1;1;"17001";2011;1;3;70000,00;51,76
"2180";1;4;1;"66001";2005;1;1;0,00;61,99
"2182";1;4;1;"66400";2007;1;4;0,00;346,67
"2186";1;4;1;"66001";2013;1;1;0,00;84,02
"2186";2;4;1;"66001";2008;1;1;0,00;84,02
"2187";1;4;1;"66001";2015;1;1;0,00;98,43
"2189";1;4;1;"66001";2017;1;1;0,00;40,00
"2190";1;4;1;"66001";9999;1;1;0,00;57,81
"2191";1;4;1;"66001";9999;1;2;0,00;79,75
"2195";1;1;1;"05001";9999;1;1;0,00;39,14
"2198";1;4;1;"66001";9999;1;1;0,00;62,38
"2199";1;4;1;"66001";9999;1;1;0,00;55,62
"2199";2;4;1;"66001";9999;1;1;0,00;55,62
"2201";1;1;1;"25175";2001;1;1;0,00;7,35
"2202";1;1;1;"11001";2015;1;1;0,00;5,09
"2203";1;4;1;"76318";2013;1;1;0,00;114,29
"2208";1;1;1;"05059";2014;1;1;0,00;16,14
"2208";2;4;1;"66001";2013;1;1;0,00;16,14
"2208";3;4;1;"66170";2017;1;1;0,00;16,14
"2209";1;1;1;"11001";2011;1;1;0,00;16,07
"2212";1;1;1;"66001";2008;1;1;0,00;16,39
"2218";1;1;1;"11001";2009;1;1;0,00;25,64
"2218";2;4;1;"76147";2006;1;1;0,00;25,64
"2218";3;4;1;"17001";2005;1;1;0,00;25,64
"2218";4;4;1;"66001";1994;1;1;0,00;25,64
"2218";5;4;1;"66001";2016;1;1;0,00;25,64
"2219";1;1;1;"11001";2005;1;1;0,00;25,64
"2220";1;1;1;"11001";2012;1;1;0,00;25,56
"2221";1;1;1;"66001";2016;1;1;0,00;56,32
"2223";1;1;4;"66001";1968;1;4;0,00;29,63
"2224";1;1;1;"66170";1998;1;4;0,00;32,31
"2227";1;1;1;"11001";2015;1;4;0,00;39,36
"2227";2;4;1;"66001";2015;1;1;0,00;39,36
"2229";1;1;2;"66170";2007;1;4;0,00;117,43
"2229";2;4;1;"66001";2017;1;1;0,00;117,43
"2230";1;1;1;"66001";2012;1;4;0,00;58,34
"2230";2;4;1;"66001";2014;1;1;0,00;58,34
"2232";1;1;2;"17001";1995;1;3;0,00;99,45
"2232";2;4;1;"66001";2014;1;3;0,00;99,45
"2245";1;1;1;"66001";2016;1;1;0,00;12,90
"2245";2;4;1;"66001";1970;1;1;0,00;12,90
"2246";1;4;1;"66170";2017;1;1;0,00;68,00
"2246";2;4;1;"66682";2010;1;1;0,00;68,00
"2246";3;4;1;"66001";2011;1;1;0,00;68,00
"2248";1;1;1;"05059";9999;1;1;0,00;27,90
"2249";1;1;4;"76001";1998;1;1;0,00;59,29
"2251";1;4;1;"66001";9999;1;1;0,00;27,74
"2254";1;7;2;"66001";2009;1;1;0,00;28,43
"2255";1;1;1;"11001";2012;1;1;0,00;12,99
"2256";1;2;2;"73001";2006;1;2;60000,00;257,81
"2256";2;4;1;"66001";2012;1;1;0,00;257,81
"2257";1;1;1;"66001";2015;1;4;0,00;111,80
"2259";1;1;1;"66001";2014;1;2;0,00;12,99
"2259";2;1;1;"66001";9999;1;2;0,00;12,99
"2260";1;1;1;"17001";2010;1;1;0,00;106,20
"2261";1;4;1;"66001";2005;1;1;0,00;186,62
"2262";1;4;1;"66001";2014;1;1;0,00;186,62
"2263";1;1;1;"76001";2015;1;1;0,00;28,88
"2264";1;4;1;"66170";2013;1;1;0,00;148,41
"2264";2;4;1;"66170";2013;1;1;0,00;148,41
"2266";1;1;1;"66001";2014;1;1;0,00;12,99
"2266";2;4;1;"66001";2017;1;1;0,00;12,99
"2266";3;4;1;"66001";2017;1;1;0,00;12,99
"2267";1;4;1;"66400";2008;1;1;0,00;84,73
"2270";1;4;1;"66400";2013;1;1;0,00;38,90
"2273";1;4;1;"66170";2011;1;1;0,00;87,91
"2274";1;1;1;"66001";9999;1;3;90000,00;17,50
"2275";1;1;1;"11001";2014;1;2;20000,00;56,74
"2275";2;3;2;"66001";2006;1;2;20000,00;56,74
"2275";3;4;1;"66001";2016;1;2;20000,00;56,74
"2276";1;1;1;"66001";2017;1;1;40000,00;101,69
"2278";1;4;1;"66001";2016;1;1;0,00;95,85
"2279";1;4;1;"66001";2017;1;3;26000,00;82,04
"2281";1;1;1;"66001";2005;1;4;0,00;37,93
"2283";1;4;1;"66001";9999;1;1;0,00;44,62
"2284";1;4;1;"66001";2016;1;1;0,00;61,27
"2284";2;6;2;"66001";2008;1;4;60000,00;61,27
"2285";1;4;1;"66001";2016;1;2;30000,00;25,66
"2287";1;1;1;"66001";2007;1;1;0,00;8,83
"2287";2;1;1;"63190";2008;1;1;0,00;8,83
"2287";3;4;1;"66001";2017;1;1;0,00;8,83
"2289";1;4;1;"66682";9999;1;1;0,00;51,10
"2295";1;1;4;"63594";1996;1;1;0,00;8,85
"2295";2;1;1;"66001";2016;1;1;0,00;8,85
"2296";1;4;1;"66001";1996;1;1;0,00;51,13
"2299";1;4;1;"66170";2014;1;1;0,00;31,51
"2302";1;1;1;"66001";9999;1;1;0,00;25,66
"2303";1;4;1;"66001";9999;1;1;0,00;271,91
"2306";1;4;1;"63190";2012;1;4;0,00;140,79
"2308";1;4;1;"66400";9999;1;1;0,00;38,68
"2310";1;4;1;"66001";2016;1;1;0,00;45,21
"2311";1;1;1;"66001";2014;1;1;0,00;25,66
"2312";1;1;1;"66001";2010;1;2;100000,00;25,66
"2313";1;1;1;"66001";1980;1;1;0,00;8,01
"2316";1;1;1;"66001";2012;1;1;0,00;8,83
"2320";1;4;1;"66001";2014;1;1;0,00;51,44
"2320";2;4;1;"66001";2003;1;1;0,00;51,44
"2325";1;4;1;"66001";2006;1;1;0,00;7,47
"2326";1;1;1;"66001";2009;1;1;0,00;3,38
"2327";1;4;1;"66001";2006;1;1;0,00;7,44
"2327";2;1;1;"11001";2003;1;1;0,00;7,44
"2329";1;1;1;"66001";2016;1;1;0,00;12,37
"2334";1;4;1;"66001";9999;1;1;0,00;74,11
"2340";1;1;1;"66001";2015;1;1;0,00;64,09
"2340";2;4;1;"66001";2014;1;1;0,00;64,09
"2345";1;4;1;"66170";2011;1;1;0,00;68,48
"2346";1;4;1;"66400";2014;1;1;0,00;87,80
"2348";1;4;1;"66001";2013;1;1;0,00;287,99
"2352";1;4;1;"66001";9999;1;2;0,00;165,85
"2355";1;4;1;"66001";2016;1;4;0,00;545,45
"2358";1;4;1;"66001";2013;1;1;0,00;107,13
"2360";1;4;1;"66001";2013;1;1;0,00;27,68
"2361";1;4;1;"66001";2012;1;1;0,00;107,13
"2362";1;4;1;"66170";2013;1;1;0,00;32,24
"2363";1;4;1;"66001";2008;1;1;0,00;54,20
"2368";1;4;1;"63190";2011;1;1;0,00;29,53
"2368";2;4;1;"63190";2011;1;1;0,00;29,53
"2372";1;4;1;"11001";2010;1;1;0,00;79,33
"2374";1;1;1;"11001";1998;1;3;0,00;16,86
"2374";2;1;4;"05001";1988;1;3;0,00;16,86
"2375";1;4;1;"66001";2008;1;4;0,00;253,20
"2378";1;4;1;"66001";2016;1;1;0,00;11,46
"2379";1;4;1;"17614";2016;1;1;0,00;71,79
"2380";1;1;1;"17001";1997;1;1;0,00;61,48
"2380";2;4;1;"66001";2015;1;1;0,00;61,48
"2380";3;4;1;"66001";2015;1;1;0,00;61,48
"2380";4;4;1;"66001";2017;1;1;0,00;61,48
"2380";5;4;1;"66170";2017;1;1;0,00;61,48
"2381";1;4;1;"66001";9999;1;1;0,00;53,13
"2390";1;4;1;"66001";2014;1;1;0,00;87,14
"2394";1;4;1;"66001";2012;1;2;20000,00;23,45
"2395";1;4;1;"66001";1994;1;1;0,00;194,71
"2395";2;4;1;"66001";2014;1;1;0,00;194,71
"2397";1;1;1;"11001";2005;1;3;40000,00;23,89
"2397";2;4;1;"66001";2005;1;1;0,00;23,89
"2400";1;4;1;"66001";2016;1;1;0,00;27,93
"2401";1;2;4;"05001";1995;1;3;0,00;41,64
"2401";2;4;1;"66001";2015;1;1;0,00;41,64
"2403";1;4;1;"66001";2009;1;1;0,00;29,28
"2403";2;4;1;"76147";2007;1;1;0,00;29,28
"2404";1;1;1;"66001";2013;1;1;0,00;60,26
"2410";1;4;1;"66001";9999;1;1;0,00;97,73
"2412";1;4;1;"66001";2012;1;1;0,00;48,81
"2413";1;4;4;"05001";1980;1;1;0,00;50,97
"2413";2;1;1;"66001";2014;1;4;0,00;50,97
"2414";1;1;1;"17001";1994;1;4;0,00;47,17
"2414";2;4;1;"66001";2011;1;1;0,00;47,17
"2418";1;4;1;"66001";2013;1;1;0,00;16,89
"2419";1;4;1;"66001";2004;1;1;0,00;40,88
"2422";1;4;1;"66001";2015;1;1;0,00;17,57
"2440";1;4;1;"66001";2017;1;1;0,00;58,06
"2440";2;4;1;"66170";2009;1;1;0,00;58,06
"2442";1;4;1;"66001";2010;1;1;0,00;35,45
"2442";2;4;1;"66001";2014;1;1;0,00;35,45
"2443";1;4;1;"66001";9999;1;1;0,00;25,74
"2444";1;4;1;"66001";9999;1;1;0,00;38,92
"2445";1;4;1;"66170";2017;1;1;0,00;35,45
"2447";1;4;1;"63001";1996;1;1;0,00;21,16
"2448";1;1;1;"66594";1994;1;2;0,00;38,30
"2448";2;4;1;"66001";2008;1;1;0,00;38,30
"2451";1;4;1;"66001";1999;1;1;0,00;21,16
"2454";1;4;1;"66001";9999;1;1;0,00;32,06
"2456";1;4;1;"63001";2014;1;1;0,00;41,86
"2456";2;4;1;"66170";1998;1;1;0,00;41,86
"2456";3;4;1;"66594";1998;1;1;0,00;41,86
"2459";1;4;1;"66170";2005;1;1;0,00;35,41
"2463";1;1;1;"76001";1987;1;1;0,00;42,83
"2465";1;1;1;"11001";1996;1;1;0,00;64,13
"2465";2;1;1;"17001";1987;1;1;0,00;64,13
"2465";3;4;1;"76622";2013;1;1;0,00;64,13
"2472";1;4;1;"66001";9999;1;1;0,00;46,23
"2474";1;1;1;"68001";2010;1;1;0,00;260,47
"2475";1;1;1;"66001";2013;1;1;0,00;112,79
"2475";2;4;1;"66001";9999;1;1;0,00;112,79
"2476";1;4;1;"17001";2015;1;1;0,00;216,13
"2482";1;4;1;"66001";2016;1;2;0,00;214,57
"2485";1;1;1;"76001";2005;1;1;0,00;86,87
"2489";1;1;1;"63130";2005;1;3;125000,00;57,51
"2489";2;2;1;"05059";1967;1;3;125000,00;57,51
"2492";1;4;1;"66001";2007;1;1;0,00;126,33
"2494";1;4;1;"66170";2008;1;1;0,00;76,18
"2496";1;4;1;"66400";1999;1;1;0,00;56,55
"2502";1;4;1;"66170";2003;1;1;0,00;190,89
"2505";1;4;1;"66001";9999;1;1;0,00;88,56
"2507";1;5;1;"66170";2013;5;2;50000,00;72,38
"2508";1;4;1;"76622";9999;1;1;0,00;216,06
"2512";1;4;1;"17614";2003;1;1;0,00;40,95
"2513";1;1;1;"66001";9999;1;1;0,00;74,38
"2513";2;2;1;"66001";9999;1;1;0,00;74,38
"2513";3;4;1;"66001";9999;1;1;0,00;74,38
"2516";1;4;1;"66001";2009;1;1;0,00;29,53
"2518";1;4;1;"66001";2014;1;1;0,00;17,75
"2518";2;4;1;"66001";2004;1;1;0,00;17,75
"2519";1;1;1;"11001";1996;1;1;0,00;18,27
"2519";2;4;1;"66001";2008;1;1;0,00;18,27
"2519";3;4;1;"66170";2012;1;1;0,00;18,27
"2520";1;4;1;"66001";2014;1;1;0,00;18,27
"2521";1;4;1;"66001";2016;1;1;0,00;87,14
"2527";1;4;1;"66001";2009;1;1;0,00;67,99
"2527";2;4;1;"66001";2015;1;1;0,00;67,99
"2528";1;1;1;"66001";9999;1;1;0,00;67,99
"2528";2;4;1;"66001";9999;1;1;0,00;67,99
"2529";1;4;1;"66001";2015;1;1;0,00;67,99
"2530";1;1;1;"76001";1950;1;1;0,00;46,55
"2530";2;2;1;"76001";1974;1;1;0,00;46,55
"2530";3;2;1;"76520";1974;1;1;0,00;46,55
"2531";1;2;1;"05001";2015;1;1;0,00;58,42
"2532";1;2;1;"66170";9999;1;1;0,00;30,30
"2532";4;4;1;"66001";9999;1;1;0,00;30,30
"2534";1;4;1;"66001";2017;1;1;0,00;71,40
"2536";1;4;1;"66001";2012;1;1;0,00;152,30
"2536";2;4;1;"66001";2007;1;1;0,00;152,30
"2540";1;4;1;"66001";2015;1;1;0,00;72,89
"2541";1;4;1;"66001";2014;1;1;0,00;19,83
"2543";1;1;1;"66001";2010;1;1;0,00;62,32
"2543";2;1;1;"76147";1979;1;1;0,00;62,32
"2554";1;4;1;"66001";2013;1;1;0,00;25,54
"2554";2;4;1;"66001";2015;1;1;0,00;25,54
"2556";1;4;1;"66001";2013;1;1;0,00;38,08
"2558";1;4;1;"66001";2015;1;1;0,00;63,87
"2562";1;4;1;"66001";2016;1;1;0,00;31,00
"2564";1;1;3;"66001";2010;1;4;0,00;127,88
"2564";2;4;1;"66001";2015;1;1;0,00;127,88
"2569";1;4;1;"66001";1996;1;3;20000,00;140,28
"2569";2;4;1;"66170";2006;1;3;20000,00;140,28
"2573";1;1;1;"66170";9999;1;3;35000,00;50,32
"2573";2;4;1;"66170";2017;1;1;0,00;50,32
"2574";1;4;1;"66001";2008;1;1;0,00;162,50
"2574";2;4;1;"66001";2016;1;1;0,00;162,50
"2576";1;1;1;"66001";2010;1;2;60000,00;51,47
"2577";1;1;1;"66001";2018;1;1;0,00;25,75
"2577";2;4;1;"17001";1998;1;1;0,00;25,75
"2577";3;4;1;"66001";2005;1;1;0,00;25,75
"2579";1;1;1;"66001";2007;1;2;0,00;24,92
"2580";1;1;1;"66001";2000;1;2;0,00;63,87
"2580";2;4;1;"66001";2014;1;2;0,00;63,87
"2582";1;4;1;"66001";2013;1;1;0,00;62,19
"2582";2;4;1;"66001";2014;1;1;0,00;62,19
"2583";1;4;1;"66001";2000;1;1;0,00;29,28
"2586";1;6;1;"66001";9999;1;3;0,00;35,47
"2588";1;4;1;"66001";2016;1;1;0,00;93,33
"2588";2;4;1;"66001";2001;1;1;0,00;93,33
"2590";1;1;1;"66001";2016;1;2;0,00;27,87
"2591";1;1;1;"66001";2015;1;1;0,00;27,87
"2594";1;4;1;"66001";2009;1;1;0,00;36,29
"2595";1;1;1;"05059";1979;1;3;60000,00;74,11
"2599";1;4;1;"17001";2012;1;1;0,00;47,54
"2600";1;4;1;"05376";2014;1;1;0,00;49,53
"2602";1;4;1;"66001";2012;1;1;0,00;74,11
"2606";1;4;1;"63001";2014;1;1;0,00;47,54
"2611";1;2;2;"66001";2011;1;2;14000,00;15,81
"2612";1;4;1;"63130";1989;1;1;0,00;15,15
"2614";1;4;1;"66001";2010;1;1;0,00;27,90
"2619";1;1;1;"11001";2013;1;1;0,00;36,81
"2619";2;4;1;"50006";2015;1;1;0,00;36,81
"2625";1;1;1;"66001";2016;1;1;0,00;5,79
"2627";1;1;1;"66001";2008;1;1;0,00;16,67
"2627";2;4;1;"66170";2013;1;1;0,00;16,67
"2629";1;4;1;"17001";2014;1;1;0,00;13,82
"2630";1;1;1;"66001";2011;1;1;0,00;5,79
"2632";1;4;1;"66001";1990;1;1;0,00;188,57
"2634";1;4;1;"66001";2005;1;1;0,00;28,19
"2635";1;4;1;"66001";2015;1;1;0,00;26,08
"2636";1;1;1;"66001";2017;1;2;0,00;90,17
"2636";2;4;1;"66001";2015;1;1;0,00;90,17
"2639";1;4;1;"66001";2017;1;1;0,00;35,62
"2640";1;4;1;"66001";2006;1;1;0,00;114,92
"2641";1;1;2;"66001";2009;1;1;0,00;308,13
"2646";1;4;1;"66001";2013;1;1;0,00;106,26
"2648";1;4;1;"41206";2015;1;1;0,00;74,11
"2648";2;4;1;"41206";2008;1;1;0,00;74,11
"2653";1;4;1;"66001";2004;1;3;21000,00;127,60
"2657";1;1;1;"66001";2013;1;4;0,00;86,22
"2657";2;4;1;"76001";9999;1;1;0,00;86,22
"2658";1;4;1;"66001";9999;1;1;0,00;298,52
"2659";1;1;1;"66001";2010;1;1;0,00;29,45
"2661";1;1;1;"66001";2016;1;1;0,00;26,62
"2664";1;1;4;"66001";2007;1;3;30000,00;59,23
"2667";1;4;1;"66001";2007;1;1;0,00;18,46
"2669";1;1;1;"66001";2010;1;4;0,00;47,74
"2670";1;1;1;"11001";2017;1;4;50000,00;42,57
"2670";2;1;1;"66400";2017;1;4;50000,00;42,57
"2673";1;1;1;"63001";2007;1;4;0,00;28,72
"2674";1;1;1;"63001";9999;1;4;50000,00;15,14
"2674";2;4;1;"63190";9999;1;1;0,00;15,14
"2675";1;4;1;"66170";1996;1;1;0,00;52,49
"2697";1;1;1;"05001";2008;1;1;0,00;16,41
"2697";2;4;1;"66001";2015;1;1;0,00;16,41
"2699";1;4;1;"66001";2012;1;1;0,00;43,44
"2700";1;4;1;"66001";2010;1;1;0,00;43,44
"2701";1;4;1;"66001";2015;1;1;0,00;62,19
"2703";1;4;1;"63001";9999;1;1;0,00;7,82
"2704";1;4;1;"66001";9999;1;1;0,00;15,97
"2705";1;4;1;"66001";2008;1;1;0,00;16,41
"2706";1;4;1;"66001";9999;1;1;0,00;29,23
"2707";1;4;1;"66001";2014;1;1;0,00;31,26
"2710";1;4;1;"05360";2005;1;1;0,00;8,27
"2711";1;4;1;"68152";2014;1;1;0,00;8,50
"2712";1;4;1;"66001";2015;1;1;0,00;53,46
"2713";1;4;1;"68001";2013;1;1;0,00;58,11
"2714";1;1;1;"66001";2003;1;2;70000,00;36,52
"2715";1;4;1;"66001";9999;1;1;0,00;22,44
"2718";1;4;1;"66001";2000;1;1;0,00;42,09
"2721";1;1;1;"66001";2016;1;1;0,00;29,40
"2722";1;4;1;"76147";2008;1;1;0,00;63,56
"2724";1;4;1;"66001";2012;1;1;0,00;32,48
"2726";1;4;1;"66170";2014;1;1;0,00;104,53
"2726";2;4;1;"66001";2017;1;1;0,00;104,53
"2726";3;4;1;"66001";2010;1;1;0,00;104,53
"2727";1;4;1;"66001";2013;1;1;0,00;23,64
"2728";1;4;1;"66001";9999;1;1;0,00;48,31
"2732";1;4;1;"66001";2008;1;1;0,00;52,92
"2740";1;4;1;"66001";9999;1;1;0,00;90,16
"2741";1;4;1;"66001";2009;1;1;0,00;159,20
"2742";1;4;1;"11001";1998;1;1;0,00;183,98
"2742";2;4;1;"17614";1999;1;1;0,00;183,98
"2743";1;1;1;"66682";1987;1;1;0,00;108,58
"2745";1;4;4;"66001";9999;1;4;0,00;32,74
"2746";1;1;1;"66001";2016;1;4;0,00;42,37
"2746";2;1;1;"66001";2005;1;4;0,00;42,37
"2747";1;1;1;"66001";2016;1;2;45000,00;69,94
"2747";2;4;1;"66001";2015;1;1;0,00;69,94
"2750";1;4;1;"66170";9999;1;1;0,00;117,58
"2751";1;1;1;"63594";2004;1;1;0,00;137,41
"2755";1;4;1;"66170";9999;1;1;0,00;309,83
"2756";1;1;1;"76001";1995;1;1;0,00;145,08
"2759";1;1;1;"76001";2005;1;1;0,00;53,94
"2759";2;4;1;"66170";2008;1;1;0,00;53,94
"2759";3;4;1;"76147";2015;1;1;0,00;53,94
"2761";1;4;1;"66170";2005;1;1;0,00;141,85
"2761";2;4;1;"66170";2008;1;1;0,00;141,85
"2763";1;4;1;"66001";2006;1;1;0,00;18,96
"2765";1;4;1;"66001";2009;1;1;0,00;37,03
"2766";1;4;1;"63001";2015;1;1;0,00;29,16
"2766";2;1;1;"11001";2013;2;1;0,00;29,16
"2767";1;4;1;"08001";2000;1;1;0,00;7,54
"2768";1;4;1;"17001";2013;1;1;0,00;7,02
"2770";1;4;1;"66001";2016;1;1;0,00;51,61
"2772";1;4;1;"66001";1996;1;1;0,00;6,30
"2773";1;1;1;"19573";1984;1;3;75000,00;51,61
"2777";1;4;1;"66001";2016;1;1;0,00;40,50
"2781";1;4;1;"66001";9999;1;1;0,00;32,01
"2781";2;4;1;"66001";9999;1;1;0,00;32,01
"2784";1;4;1;"66001";2012;1;1;0,00;47,16
"2784";2;4;1;"66001";2012;1;1;0,00;47,16
"2785";1;1;1;"17001";2015;1;1;0,00;191,66
"2788";1;1;1;"11001";1985;1;1;0,00;45,00
"2788";2;4;1;"11001";2010;1;1;0,00;45,00
"2788";3;4;1;"11001";2011;1;1;0,00;45,00
"2789";1;4;1;"66170";2009;1;1;0,00;42,17
"2791";1;1;1;"66001";2016;1;1;0,00;120,00
"2793";1;1;1;"66001";2015;1;1;0,00;47,50
"2793";2;4;1;"66001";9999;1;1;0,00;47,50
"2794";1;1;1;"66001";2013;1;1;0,00;29,16
"2795";1;4;1;"63001";2008;1;1;0,00;29,16
"2798";1;4;1;"66001";2018;1;1;0,00;114,75
"2800";1;4;1;"66001";2015;1;1;0,00;32,01
"2803";1;1;1;"66001";2013;1;3;60000,00;167,43
"2803";2;4;1;"66001";2017;1;1;0,00;167,43
"2806";1;4;1;"66001";2012;1;1;0,00;326,19
"2807";1;4;1;"66170";2009;1;1;0,00;326,19
"2808";1;1;1;"66001";2015;1;3;50000,00;414,39
"2808";2;4;1;"66001";2011;1;3;20000,00;414,39
"2809";1;1;1;"76147";2001;1;1;0,00;414,39
"2811";1;1;1;"63130";2000;1;1;0,00;247,55
"2811";2;4;1;"66170";2010;1;1;0,00;247,55
"2812";1;1;1;"17001";2012;1;4;50000,00;46,51
"2813";1;4;1;"66001";2013;1;1;0,00;128,26
"2814";1;4;1;"66001";2007;1;1;0,00;128,26
"2814";2;4;1;"66001";2005;1;1;0,00;128,26
"2816";1;4;1;"05001";2009;1;1;0,00;352,99
"2825";1;4;1;"66001";2012;1;1;0,00;26,65
"2828";1;1;2;"66001";2012;1;1;0,00;60,26
"2829";1;1;1;"66001";1998;1;1;0,00;60,26
"2829";2;4;1;"66001";2014;1;1;0,00;60,26
"2835";1;1;1;"66001";2014;1;1;0,00;7,15
"2836";1;1;3;"66001";2018;1;1;0,00;7,02
"2838";1;1;1;"66001";2011;1;1;0,00;88,88
"2840";1;4;1;"66001";9999;1;1;0,00;6,58
"2843";1;4;1;"66170";2007;1;1;0,00;55,46
"2845";1;1;1;"66001";2005;1;1;0,00;79,22
"2845";2;4;1;"66001";2017;1;1;0,00;79,22
"2846";1;1;1;"66001";2014;1;1;0,00;16,44
"2847";1;4;1;"66001";2013;1;1;0,00;21,87
"2847";2;4;1;"05313";2014;1;1;0,00;21,87
"2848";1;1;1;"66001";2012;1;1;0,00;18,03
"2848";2;1;1;"66001";2008;1;1;0,00;18,03
"2848";3;4;1;"66001";9999;1;1;0,00;18,03
"2850";1;1;1;"68001";2014;1;1;0,00;75,33
"2851";1;1;1;"76001";2012;1;3;90000,00;20,94
"2853";1;1;1;"66001";2008;1;1;0,00;27,87
"2855";1;4;1;"66001";1996;1;1;0,00;26,25
"2856";1;4;1;"66001";2012;1;1;0,00;29,40
"2857";1;1;1;"66001";2002;1;1;0,00;17,24
"2857";2;4;1;"66001";1998;1;1;0,00;17,24
"2857";3;4;1;"66001";2014;1;1;0,00;17,24
"2857";4;4;1;"66001";1998;1;1;0,00;17,24
"2857";5;4;1;"66001";2018;1;1;0,00;17,24
"2858";1;1;1;"11001";2011;1;3;0,00;93,33
"2859";1;1;1;"63001";2007;1;3;0,00;64,16
"2864";1;1;1;"66682";2014;1;1;0,00;5,79
"2864";2;4;1;"66001";2018;1;1;0,00;5,79
"2864";3;4;1;"76147";2012;1;1;0,00;5,79
"2867";1;1;1;"66001";2010;1;2;0,00;19,48
"2868";1;7;2;"17001";2016;1;2;0,00;2,32
"2870";1;1;1;"66001";2004;1;2;0,00;2,33
"2872";1;1;1;"76001";2004;1;4;32000,00;59,23
"2872";2;4;1;"66001";2013;1;1;0,00;59,23
"2873";1;5;1;"66001";9999;5;3;65000,00;107,83
"2875";1;5;1;"66001";9999;1;2;0,00;16,47
"2877";1;1;1;"66001";9999;1;1;0,00;49,00
"2877";2;4;1;"66170";2007;1;1;0,00;49,00
"2880";1;4;1;"66001";9999;1;1;0,00;91,40
"2887";1;4;1;"66001";2015;1;1;0,00;59,50
"2887";2;4;1;"66170";2015;1;1;0,00;59,50
"2888";1;4;1;"66001";9999;1;1;0,00;68,62
"2889";1;4;1;"66001";2004;1;1;0,00;64,13
"2889";2;4;1;"66001";2013;1;1;0,00;64,13
"2890";1;4;1;"76111";2008;1;1;0,00;64,13
"2899";1;4;1;"66001";2010;1;1;0,00;80,03
"2906";1;4;1;"05001";2010;1;1;0,00;59,02
"2910";1;4;1;"66001";9999;1;1;0,00;72,30
"2914";1;4;1;"76147";2009;1;1;0,00;197,60
"2920";1;4;1;"66001";2013;1;1;0,00;80,61
"2927";1;4;1;"66400";2017;1;1;0,00;67,77
"2928";1;1;1;"05631";2007;1;1;0,00;70,62
"2931";1;4;1;"66170";2011;1;1;0,00;64,29
"2931";2;4;1;"66400";2017;1;1;0,00;64,29
"2932";1;4;1;"76147";2005;1;1;0,00;37,60
"2932";2;4;1;"66001";2008;1;1;0,00;37,60
"2939";1;4;1;"66400";2010;1;1;0,00;201,21
"2941";1;4;1;"17001";2015;1;1;0,00;32,49
"2944";1;8;1;"66001";2014;1;4;0,00;31,32
"2949";1;3;1;"11001";1999;1;4;0,00;56,79
"2950";1;4;1;"66400";2014;1;1;0,00;71,04
"2950";2;4;1;"66400";2014;1;1;0,00;71,04
"2953";1;4;1;"66400";2014;1;1;0,00;81,73
"2954";1;4;1;"66400";2014;1;1;0,00;62,10
"2957";1;1;1;"66001";9999;1;1;0,00;27,00
"2957";2;1;1;"25473";9999;1;1;0,00;27,00
"2957";3;4;1;"66001";2016;1;1;0,00;27,00
"2958";1;1;1;"11001";2013;1;1;0,00;22,92
"2958";2;1;1;"66001";2013;1;1;0,00;22,92
"2959";1;1;1;"08001";2015;1;1;0,00;16,10
"2960";1;4;1;"66001";2011;1;2;0,00;74,39
"2961";1;2;2;"66001";2009;1;3;30000,00;240,15
"2961";2;4;1;"66001";2004;1;3;20000,00;240,15
"2964";1;4;1;"66400";2016;1;1;0,00;59,44
"2964";2;4;1;"66400";2011;1;1;0,00;59,44
"2966";1;4;1;"66001";2015;1;1;0,00;81,47
"2969";1;4;1;"66400";2015;1;1;0,00;32,02
"2971";1;4;1;"66400";2016;1;1;0,00;66,70
"2978";1;4;1;"66170";2016;1;1;0,00;37,10
"2982";1;4;1;"66001";2014;1;1;0,00;41,48
"2993";1;4;1;"66001";9999;1;1;0,00;17,02
"2995";1;4;1;"66001";2010;1;1;0,00;14,04
"2995";2;4;1;"66001";9999;1;1;0,00;14,04
"2996";1;4;1;"66001";2009;1;1;0,00;7,65
"2997";1;4;1;"66001";2015;1;1;0,00;7,63
"3000";1;4;1;"66001";2016;1;1;0,00;14,04
"3002";1;4;4;"66001";2008;1;1;0,00;25,66
"3003";1;4;1;"66001";9999;1;1;0,00;26,89
"3012";1;4;1;"66001";2010;1;1;0,00;43,15
"3014";1;4;1;"11001";9999;1;2;0,00;136,71
"3016";1;4;1;"66001";2016;1;1;0,00;17,46
"3017";1;4;1;"66001";2016;1;1;0,00;42,83
"3017";2;4;1;"66001";2005;1;1;0,00;42,83
"3020";1;4;1;"66001";2015;1;1;0,00;46,60
"3026";1;4;1;"66400";2012;1;1;0,00;33,81
"3027";1;4;1;"66001";2016;1;1;0,00;75,68
"3027";2;4;1;"66001";2017;1;1;0,00;75,68
"3029";1;4;1;"66001";2014;1;1;0,00;33,68
"3033";1;4;1;"66001";2015;1;1;0,00;161,24
"3035";1;4;1;"76147";2010;1;1;0,00;37,91
"3036";1;4;1;"66001";2010;1;1;0,00;69,41
"3041";1;4;1;"66170";9999;1;1;0,00;28,82
"3041";2;4;1;"66001";9999;1;1;0,00;28,82
"3045";1;4;1;"66001";2013;1;1;0,00;93,29
"3047";1;4;1;"66001";2015;1;2;20000,00;147,60
"3048";1;4;1;"66001";2006;1;1;0,00;52,44
"3049";1;4;1;"66001";2011;1;1;0,00;36,07
"3052";1;2;4;"73319";9999;1;4;0,00;99,33
"3054";1;4;1;"66001";2017;1;1;0,00;38,48
"3057";1;1;1;"05001";2008;1;1;0,00;28,65
"3057";2;4;1;"66170";2014;1;1;0,00;28,65
"3060";1;4;1;"66001";9999;1;1;0,00;16,25
"3062";1;1;1;"66001";1990;1;1;0,00;46,33
"3063";1;1;1;"66001";2015;1;2;70000,00;14,94
"3064";1;4;1;"66001";2014;1;1;0,00;15,81
"3064";2;4;1;"66170";2012;1;1;0,00;15,81
"3065";1;1;4;"63130";1991;1;3;70000,00;41,30
"3065";2;4;1;"66001";2017;1;1;0,00;41,30
"3066";1;4;1;"66001";2010;1;2;30000,00;37,41
"3067";1;2;1;"17873";1982;1;1;0,00;37,22
"3067";2;4;1;"66170";2010;1;1;0,00;37,22
"3070";4;4;4;"66001";2017;1;1;0,00;15,93
"3071";1;4;1;"66001";2014;1;1;0,00;113,25
"3073";1;1;4;"11001";1992;1;1;0,00;44,26
"3074";1;2;1;"66001";2016;1;1;0,00;76,86
"3077";1;1;1;"66001";2014;1;1;0,00;21,23
"3077";2;4;1;"66001";2016;1;1;0,00;21,23
"3078";1;4;1;"66001";9999;1;1;0,00;119,61
"3078";2;2;1;"66001";9999;1;2;70000,00;119,61
"3081";1;4;1;"66001";2014;1;1;0,00;30,46
"3082";1;4;1;"23162";2012;1;1;0,00;268,88
"3089";1;4;1;"76622";9999;1;1;0,00;12,68
"3089";2;4;1;"66001";9999;1;1;0,00;12,68
"3091";1;4;1;"66001";9999;1;1;0,00;21,12
"3093";1;4;1;"66001";9999;1;1;0,00;12,25
"3094";1;4;1;"66400";2005;1;1;0,00;15,63
"3098";1;4;1;"05059";2012;1;1;0,00;113,25
"3102";1;4;1;"66170";2015;1;1;0,00;7,58
"3102";2;4;1;"76147";2013;1;1;0,00;7,58
"3102";3;4;1;"66001";2015;1;1;0,00;7,58
"3104";1;4;1;"66001";2011;1;1;0,00;210,03
"3108";1;4;1;"66001";2007;1;1;0,00;50,47
"3112";1;1;1;"66001";2006;1;2;70000,00;101,68
"3115";1;4;1;"66001";2004;1;1;0,00;133,78
"3115";2;4;1;"66001";2014;1;1;0,00;133,78
"3116";1;4;1;"66001";2004;1;1;0,00;216,92
"3119";1;1;1;"66001";1998;1;3;80000,00;23,00
"3122";1;4;1;"66001";2017;1;2;15000,00;125,40
"3122";2;4;1;"66001";2017;1;2;15000,00;125,40
"3123";1;4;1;"66400";2007;1;1;0,00;50,47
"3123";2;4;1;"17001";2008;1;1;0,00;50,47
"3126";1;1;4;"66001";9999;5;4;0,00;14,62
"3127";1;4;1;"66001";2017;1;1;0,00;58,71
"3128";1;4;1;"66170";2011;1;2;30000,00;58,71
"3132";1;4;1;"66001";2011;1;1;0,00;7,42
"3132";2;4;1;"66001";2012;1;1;0,00;7,42
"3138";1;1;1;"66001";2010;1;1;0,00;131,87
"3138";2;4;1;"66001";2014;1;4;0,00;131,87
"3141";1;4;1;"66170";2012;1;1;0,00;183,82
"3143";1;4;1;"66001";1999;1;1;0,00;61,96
"3146";1;1;1;"66001";9999;1;3;100000,00;21,54
"3146";2;4;1;"66001";2015;1;3;40000,00;21,54
"3146";3;4;1;"66001";2016;1;1;0,00;21,54
"3147";1;1;1;"66001";2006;1;4;0,00;26,38
"3149";1;1;1;"66001";2012;1;1;0,00;13,46
"3151";1;1;1;"11001";1992;1;1;0,00;22,92
"3152";1;4;1;"76147";2009;1;1;0,00;8,23
"3154";1;4;1;"66001";2009;1;1;0,00;8,23
"3155";1;4;1;"66001";2012;1;1;0,00;8,28
"3157";1;1;1;"11001";9999;1;2;0,00;26,43
"3163";1;4;1;"66001";2017;1;1;0,00;8,25
"3163";2;4;1;"66001";2013;1;1;0,00;8,25
"3164";1;1;1;"66001";2001;1;2;0,00;14,62
"3164";2;4;1;"11001";2011;1;2;0,00;14,62
"3166";1;1;1;"11001";2009;1;2;0,00;14,62
"3167";1;1;1;"05266";2010;1;2;0,00;60,52
"3167";2;4;2;"66001";2014;1;1;0,00;60,52
"3167";3;4;1;"66170";2011;1;1;0,00;60,52
"3169";1;4;1;"66001";2015;1;1;0,00;11,88
"3171";1;1;1;"66001";2017;1;1;0,00;136,70
"3171";2;4;1;"66170";2013;1;1;0,00;136,70
"3173";1;1;1;"66001";2013;1;1;0,00;136,71
"3178";1;4;1;"66001";9999;1;1;0,00;214,87
"3179";1;4;1;"66001";2014;1;1;0,00;33,86
"3189";1;4;1;"66001";2014;1;1;0,00;40,76
"3191";1;4;1;"66001";2013;1;2;23000,00;7,63
"3191";2;4;1;"66001";2014;1;2;23000,00;7,63
"3193";1;4;1;"66001";2013;1;1;0,00;7,63
"3194";1;4;1;"63001";2002;1;1;0,00;7,63
"3198";1;4;1;"66001";9999;1;1;0,00;38,76
"3199";1;4;1;"41206";9999;1;1;0,00;3,58
"3201";1;4;1;"66001";2010;1;1;0,00;3,58
"3204";1;4;1;"66001";2015;1;1;0,00;11,80
"3208";1;4;1;"66001";2015;1;1;0,00;51,49
"3209";1;1;1;"25175";2000;1;1;0,00;40,94
"3209";2;4;1;"66001";2002;1;1;0,00;40,94
"3210";1;4;1;"66001";2006;1;1;0,00;41,12
"3211";1;1;1;"66001";2017;1;2;0,00;16,81
"3212";1;4;1;"66001";2014;1;1;0,00;16,80
"3213";1;1;1;"66001";2012;1;1;0,00;16,81
"3213";2;4;1;"66001";2010;1;1;0,00;16,81
"3213";3;4;1;"66001";2014;1;1;0,00;16,81
"3213";4;4;1;"66001";2015;1;1;0,00;16,81
"3213";5;4;1;"66001";2016;1;1;0,00;16,81
"3224";1;4;1;"66170";2005;1;1;0,00;123,22
"3245";1;1;1;"66001";2015;1;3;70000,00;173,90
"3245";2;4;1;"66170";2014;1;3;30000,00;173,90
"3259";1;4;1;"66400";2008;1;1;0,00;113,11
"3260";1;4;1;"66400";2017;1;1;0,00;60,79
"3267";1;4;1;"66001";2009;1;1;0,00;36,91
"3272";1;4;1;"66001";2017;2;1;0,00;446,24
"3273";1;4;1;"17001";2009;1;1;0,00;84,81
"3274";1;4;1;"66400";2011;1;1;0,00;83,16
"3274";2;4;1;"66400";2014;1;1;0,00;83,16
"3274";3;4;1;"66400";2009;1;1;0,00;83,16
"3279";1;4;1;"66400";2016;1;1;0,00;122,91
"3280";1;4;1;"66001";2009;1;1;0,00;367,55
"3283";1;4;1;"66170";2011;1;1;0,00;13,37
"3286";1;1;1;"66001";2013;1;1;0,00;69,73
"3290";1;1;1;"66001";2017;1;1;0,00;58,51
"3290";2;1;1;"76001";2012;1;1;0,00;58,51
"3296";1;4;1;"76147";2004;1;1;0,00;3,78
"3296";2;4;1;"66001";2015;1;1;0,00;3,78
"3296";3;4;1;"66001";2005;1;1;0,00;3,78
"3296";4;6;2;"66001";2012;1;1;0,00;3,78
"3296";5;1;1;"66001";2003;1;1;0,00;3,78
"3299";1;4;1;"66001";2016;1;1;0,00;9,96
"3302";1;4;1;"66001";2000;1;1;0,00;8,59
"3302";2;4;1;"66001";2017;1;1;0,00;8,59
"3303";1;4;1;"66001";2013;1;1;0,00;12,24
"3303";2;4;1;"66001";2016;1;1;0,00;12,24
"3309";1;4;1;"66001";9999;1;1;0,00;3,78
"3311";1;1;1;"66001";2012;1;4;0,00;199,99
"3312";1;1;1;"66400";1997;1;1;0,00;8,59
"3312";2;4;1;"76736";2015;1;1;0,00;8,59
"3313";1;4;1;"66001";2007;1;1;0,00;47,11
"3319";1;4;1;"66001";2009;1;1;0,00;134,29
"3320";1;4;1;"66001";2016;1;1;0,00;87,06
"3324";1;4;1;"66001";2010;1;1;0,00;13,28
"3325";1;4;1;"66001";9999;1;1;0,00;33,86
"3325";2;4;1;"66001";9999;1;1;0,00;33,86
"3326";1;4;1;"66170";2012;1;1;0,00;281,70
"3327";1;1;1;"66001";1997;1;1;0,00;446,90
"3333";1;4;1;"66170";2015;1;1;0,00;212,91
"3333";2;1;1;"76001";2005;1;1;0,00;212,91
"3337";1;4;1;"66001";2000;1;1;25000,00;201,31
"3338";1;1;1;"63470";9999;1;1;0,00;90,30
"3339";1;4;1;"66001";9999;1;1;0,00;247,09
"3342";1;1;1;"66682";9999;1;1;60000,00;343,73
"3342";2;4;1;"66682";2017;1;1;0,00;343,73
"3343";1;4;1;"76147";2011;1;1;0,00;138,52
"3345";1;1;1;"66001";2009;1;1;0,00;109,30
"3346";1;1;1;"66001";2015;1;1;0,00;109,44
"3346";2;4;1;"66001";2016;1;1;0,00;109,44
"3347";1;1;1;"66170";2008;2;1;0,00;411,87
"3348";1;2;1;"63130";2017;1;2;30000,00;48,56
"3349";1;1;1;"66001";2011;1;2;85000,00;48,57
"3351";1;1;1;"11001";9999;5;1;0,00;280,68
"3352";1;1;1;"05266";2002;1;1;0,00;127,64
"3352";2;2;1;"66001";1995;1;1;0,00;127,64
"3352";3;4;1;"66001";2008;1;1;0,00;127,64
"3352";4;4;1;"66001";2010;1;1;0,00;127,64
"3352";5;4;1;"66001";2012;1;1;0,00;127,64
"3353";1;4;1;"66170";2011;1;1;0,00;127,64
"3359";1;4;1;"66170";2016;1;1;0,00;82,43
"3360";1;2;2;"66001";2012;1;1;0,00;138,34
"3362";1;4;1;"66001";2011;1;1;0,00;86,38
"3366";1;4;1;;2009;1;1;0,00;58,14
"3367";1;4;1;"66001";2014;1;1;0,00;68,00
"3368";1;4;1;"66001";2016;1;1;0,00;50,97
"3371";1;4;1;"66001";2010;1;1;0,00;50,35
"3372";1;4;1;"66170";2009;1;1;0,00;91,41
"3372";2;1;4;"66170";2001;1;3;20000,00;91,41
"3375";1;1;1;"66001";2014;1;1;0,00;787,56
"3377";1;4;1;"66001";2017;1;1;0,00;54,24
"3377";2;4;1;"66001";2014;1;1;0,00;54,24
"3378";1;1;1;"66001";2016;1;1;0,00;71,83
"3381";1;4;1;"63001";2011;1;1;0,00;89,73
"3385";1;4;1;"66170";2008;1;1;0,00;43,33
"3388";1;4;1;"66001";2010;1;1;0,00;43,33
"3393";1;4;1;"66001";2007;1;1;0,00;80,71
"3395";1;4;1;"66170";9999;1;1;0,00;71,69
"3396";1;1;1;"66001";9999;1;1;0,00;93,45
"3396";2;1;1;"66001";9999;1;1;0,00;93,45
"3396";3;2;1;"66001";9999;1;1;0,00;93,45
"3398";1;5;1;"66001";9999;1;2;50000,00;196,41
"3399";1;4;1;"66001";2012;1;1;0,00;76,57
"3402";1;4;1;"50001";2012;1;1;0,00;94,33
"3404";1;1;1;"66001";9999;1;1;0,00;49,12
"3406";1;4;1;"66001";2015;1;1;0,00;158,81
"3408";1;1;1;"66001";2010;1;1;0,00;99,74
"3414";1;1;1;"17001";2011;1;1;0,00;73,42
"3415";1;4;1;"66001";2013;1;1;0,00;59,78
"3415";2;4;1;"66170";2015;1;1;0,00;59,78
"3419";1;4;1;"66170";9999;1;1;0,00;45,39
"3421";1;4;1;"66170";2011;1;1;0,00;224,68
"3422";1;1;1;"66001";2013;1;1;0,00;112,79
"3424";1;1;1;"05266";2004;1;1;0,00;141,67
"3424";2;4;1;"66400";2013;1;1;0,00;141,67
"3434";1;1;1;"05266";2004;1;1;0,00;56,52
"3435";1;4;1;"66001";2004;1;1;0,00;21,47
"3436";1;1;1;"66001";2008;1;2;40000,00;45,13
"3436";2;1;1;"66001";2009;1;2;40000,00;45,13
"3436";3;2;4;"17001";1991;1;4;0,00;45,13
"3436";4;4;1;"66001";2012;1;1;0,00;45,13
"3440";1;4;1;"66001";2015;1;1;0,00;56,52
"3445";1;4;1;"66001";9999;1;1;0,00;76,13
"3449";1;2;4;"25214";1996;1;4;40000,00;34,73
"3452";1;4;1;"41206";2012;1;1;0,00;40,91
"3453";1;4;1;"66001";2014;1;1;0,00;21,88
"3455";1;1;1;"63130";1990;1;4;0,00;34,73
"3457";1;4;1;"66001";2016;1;1;0,00;38,72
"3458";1;1;1;"66001";2017;1;4;0,00;30,31
"3458";2;4;1;"66001";9999;1;1;0,00;30,31
"3460";1;4;1;"76111";2016;1;1;0,00;24,93
"3461";1;4;1;"66170";2010;1;1;0,00;98,82
"3461";2;4;1;"66170";2013;1;1;0,00;98,82
"3462";1;1;1;"66682";2012;1;1;0,00;19,90
"3465";1;4;1;"17873";2008;1;1;0,00;19,90
"3465";2;4;1;"76001";2015;1;1;0,00;19,90
"3467";1;4;1;"66001";2014;1;1;0,00;173,43
"3470";1;4;1;"66001";9999;1;1;0,00;13,98
"3471";1;4;1;"66001";2007;1;1;0,00;28,24
"3472";1;4;1;"66001";1999;1;1;0,00;43,74
"3473";1;4;1;"66001";2003;1;1;0,00;88,05
"3473";2;4;1;"66001";2002;1;1;0,00;88,05
"3479";1;1;1;"76001";2013;1;1;0,00;27,72
"3480";1;1;1;"66001";2018;1;1;0,00;29,31
"3484";1;4;1;"66001";2016;1;1;0,00;43,74
"3485";1;4;1;"66440";9999;1;1;0,00;21,28
"3487";1;2;1;"66170";2007;2;3;100000,00;418,95
"3490";1;4;1;"66170";2013;1;1;0,00;146,35
"3495";1;1;1;"66001";2013;1;1;0,00;117,16
"3502";1;4;1;"66001";2015;1;1;0,00;164,01
"3503";1;1;1;"66001";2011;1;1;0,00;241,71
"3503";2;4;1;"66400";2015;1;1;0,00;241,71
"3504";1;4;1;"76895";9999;1;1;0,00;78,31
"3504";2;4;1;"66400";2012;1;1;0,00;78,31
"3507";1;4;1;"68001";2013;1;1;0,00;39,34
"3509";1;4;1;"66400";9999;1;1;0,00;81,47
"3512";1;1;1;"66001";2014;1;3;80000,00;70,71
"3513";1;4;1;"76147";2009;1;1;0,00;50,44
"3514";1;1;1;"66001";2005;1;1;0,00;66,48
"3515";1;1;1;"66001";2007;1;2;0,00;66,48
"3516";1;1;1;"63001";2005;1;2;50000,00;34,38
"3516";2;4;1;"76147";2012;1;1;0,00;34,38
"3517";1;2;1;"66001";1993;1;2;0,00;47,88
"3517";2;4;1;"66001";2003;1;1;0,00;47,88
"3517";3;4;1;"63001";2011;1;1;0,00;47,88
"3517";4;4;1;"76147";2011;1;1;0,00;47,88
"3519";1;4;1;"66001";2011;1;1;0,00;45,48
"3521";1;1;1;"66001";2002;1;3;0,00;69,70
"3523";1;1;1;"66170";2013;1;1;0,00;66,48
"3523";2;4;1;"66001";2014;1;1;0,00;66,48
"3524";1;1;1;"11001";2003;1;1;0,00;66,48
"3524";2;4;1;"66001";2015;1;1;0,00;66,48
"3525";1;2;1;"66682";1980;1;4;0,00;25,22
"3534";1;4;1;"66001";2013;1;1;0,00;85,96
"3537";1;1;1;"11001";2015;1;1;0,00;37,40
"3539";1;1;1;"66001";2015;1;1;0,00;52,04
"3539";2;4;1;"66001";2015;1;1;0,00;52,04
"3543";1;1;1;"66001";2014;1;1;0,00;41,19
"3543";2;4;1;"66001";2015;1;1;0,00;41,19
"3543";3;4;1;"66001";2017;1;1;0,00;41,19
"3544";1;1;1;"66001";2012;1;1;0,00;37,70
"3546";1;1;1;"66170";2010;1;1;0,00;52,04
"3546";2;4;1;"66001";2018;1;1;0,00;52,04
"3546";3;5;4;"66170";2011;1;1;0,00;52,04
"3548";1;4;4;"17001";2017;1;2;0,00;108,78
"3550";1;1;1;"66001";2012;1;1;0,00;78,46
"3550";2;4;1;"66170";2010;1;1;0,00;78,46
"3552";1;4;1;"66001";2016;1;1;0,00;79,52
"3552";2;4;1;"66001";2015;1;1;0,00;79,52
"3553";1;1;1;"11001";2015;1;3;40000,00;65,05
"3555";1;4;1;"66001";2014;1;1;0,00;47,36
"3556";1;4;1;"66170";9999;1;1;0,00;34,38
"3556";2;4;1;"66170";9999;1;1;0,00;34,38
"3558";1;4;1;"66001";2012;1;1;0,00;31,90
"3559";1;4;1;"66001";2018;1;1;0,00;23,66
"3560";1;4;1;"66001";9999;1;1;0,00;33,14
"3560";2;1;1;"66170";2010;1;1;0,00;33,14
"3561";1;4;1;"66682";9999;1;1;0,00;22,58
"3562";1;1;1;"11001";2009;1;1;0,00;122,84
"3565";1;4;1;"66001";2008;1;1;0,00;185,95
"3565";2;4;1;"66001";2005;1;1;0,00;185,95
"3568";1;4;1;"66001";2016;1;1;0,00;38,57
"3570";1;4;1;"66001";2016;1;1;0,00;85,00
"3575";1;1;4;"66170";1988;1;4;0,00;46,67
"3576";1;1;1;"76834";9999;1;1;0,00;47,69
"3582";1;4;1;"76147";9999;1;1;0,00;46,67
"3583";1;4;1;"73001";2013;1;1;0,00;64,04
"3583";2;4;1;"76400";9999;1;1;0,00;64,04
"3584";1;1;3;"05088";1994;1;1;0,00;42,94
"3588";1;4;1;"66001";2016;1;3;20000,00;29,29
"3589";1;1;1;"17001";9999;1;1;0,00;58,69
"3590";1;1;1;"76001";2003;1;3;0,00;43,83
"3591";1;4;1;"66170";2012;1;1;0,00;29,11
"3593";1;1;1;"11001";1994;1;1;0,00;56,14
"3593";2;4;1;"66170";1997;1;1;0,00;56,14
"3597";1;4;1;"66001";2012;1;1;0,00;87,82
"3597";2;4;1;"66001";2010;1;1;0,00;87,82
"3599";1;4;1;"66682";2010;1;1;0,00;44,28
"3600";1;4;1;"76001";2016;1;1;0,00;43,01
"3602";1;4;1;"66001";9999;1;1;0,00;49,74
"3603";1;1;1;"11001";2011;1;2;0,00;49,74
"3604";1;4;1;"66001";9999;1;1;0,00;50,35
"3607";1;1;1;"11001";2012;1;1;0,00;168,61
"3608";1;4;1;"63001";2014;1;1;0,00;211,17
"3609";1;4;1;"66001";9999;1;1;0,00;61,98
"3609";2;4;1;"66001";9999;1;1;0,00;61,98
"3616";1;4;1;"76147";9999;1;1;0,00;32,31
"3617";1;4;1;"66170";2015;1;3;35000,00;58,12
"3621";1;1;1;"66001";1992;1;1;0,00;19,55
"3621";2;4;1;"66001";2007;1;1;0,00;19,55
"3624";1;4;1;"66001";9999;1;1;0,00;52,53
"3626";1;1;1;"66001";1996;1;4;0,00;36,94
"3626";2;4;1;"66001";2008;1;4;0,00;36,94
"3628";1;4;1;"66001";2016;1;1;0,00;52,53
"3633";1;4;1;"66001";9999;1;1;0,00;30,49
"3634";1;4;1;"66170";2012;1;1;0,00;18,08
"3636";1;4;1;"66001";9999;1;1;0,00;307,88
"3637";1;1;4;"66682";9999;1;1;0,00;67,44
"3641";1;1;1;"66400";2014;1;1;0,00;33,87
"3641";2;4;1;"66400";2015;1;1;0,00;33,87
"3645";1;4;1;"66001";2008;1;1;0,00;37,84
"3648";1;4;1;"66001";9999;1;1;0,00;137,96
"3650";1;1;1;"66001";2008;1;4;0,00;183,11
"3650";2;1;1;"11001";2011;1;4;0,00;183,11
"3651";1;1;1;"11001";2012;1;2;0,00;24,19
"3651";2;5;4;"66001";2007;1;2;0,00;24,19
"3653";1;1;1;"66170";1994;1;1;0,00;38,46
"3654";1;4;1;"66001";2010;1;1;0,00;94,63
"3655";1;4;1;"66001";2017;1;1;0,00;85,60
"3655";2;4;1;"66001";2011;1;1;0,00;85,60
"3657";1;5;1;"66001";2017;1;1;0,00;76,57
"3657";2;5;1;"66001";2007;1;1;0,00;76,57
"3658";1;4;1;"66170";2015;1;1;0,00;67,54
"3663";1;4;1;"66400";2016;1;1;0,00;22,99
"3664";1;1;1;"66170";9999;1;1;0,00;85,60
"3668";1;4;1;"66001";2015;1;1;0,00;76,57
"3669";1;1;1;"11001";2010;1;1;0,00;76,57
"3669";2;1;1;"73001";2006;1;1;0,00;76,57
"3670";1;1;1;"70820";1995;1;1;0,00;94,63
"3671";1;1;1;"66170";1960;1;1;0,00;85,60
"3679";1;1;4;"63001";1992;1;4;0,00;58,51
"3679";2;4;1;"66001";2007;1;4;0,00;58,51
"3681";1;4;1;"66400";2007;1;1;0,00;270,52
"3683";1;4;1;"66400";2015;1;1;0,00;31,32
"3684";1;4;1;"66400";2015;1;1;0,00;37,52
"3687";1;1;1;"11001";2008;1;1;0,00;67,54
"3687";2;2;1;"11001";2008;1;1;0,00;67,54
"3687";3;4;1;"66001";2012;1;1;0,00;67,54
"3688";1;4;1;"27001";2006;1;1;0,00;85,60
"3689";1;1;1;"66001";2012;1;1;0,00;85,60
"3689";2;2;1;"66001";2014;1;1;0,00;85,60
"3691";1;1;1;"66001";2015;1;1;0,00;85,60
"3691";2;1;1;"05001";2010;1;1;0,00;85,60
"3692";1;4;1;"66400";2007;1;1;0,00;33,87
"3692";2;4;1;"66001";2009;1;1;0,00;33,87
"3693";1;4;1;"66001";2010;1;1;0,00;67,54
"3693";2;4;1;"66001";2008;1;1;0,00;67,54
"3696";1;4;1;"66001";2012;1;1;0,00;188,33
"3696";2;4;1;"66001";2014;1;1;0,00;188,33
"3697";1;4;1;"66001";2011;1;1;0,00;130,15
"3710";1;4;1;"66001";2000;1;1;0,00;21,28
"3718";1;4;1;"66001";9999;1;1;0,00;115,62
"3720";1;4;1;"66001";2010;1;1;0,00;84,64
"3731";1;4;1;"66170";2016;1;1;0,00;62,74
"3732";1;1;1;"05266";2010;1;1;0,00;493,68
"3732";2;4;1;"66001";2014;1;1;0,00;493,68
"3733";1;4;1;"66001";2012;1;1;0,00;123,46
"3736";1;4;1;"66170";2016;1;1;0,00;198,44
"3737";1;4;1;"66001";2015;1;1;0,00;169,13
"3737";2;4;1;"66001";2008;1;1;0,00;169,13
"3737";3;4;1;"66001";2016;1;1;0,00;169,13
"3746";1;4;1;"66001";9999;1;1;0,00;123,46
"3750";1;1;1;"66001";9999;1;2;50000,00;105,15
"3750";2;4;1;"66001";9999;1;2;20000,00;105,15
"3752";1;4;1;"52001";9999;1;1;0,00;214,14
"3754";1;4;1;"17001";2006;1;1;0,00;25,88
"3756";1;4;1;"66001";2010;1;1;0,00;25,88
"3757";1;4;1;"66001";2012;1;1;0,00;25,88
"3759";1;1;1;"66001";2014;1;3;70000,00;334,13
"3761";1;1;1;"66170";2012;1;2;90000,00;198,44
"3761";2;4;1;"66170";2017;1;1;0,00;198,44
"3761";3;4;1;"66170";2018;1;1;0,00;198,44
"3763";1;4;1;"66170";9999;1;1;0,00;82,58
"3765";1;1;1;"66001";9999;1;1;0,00;93,45
"3766";1;1;1;"66001";2010;1;1;0,00;93,45
"3766";2;4;1;"66170";2015;1;1;0,00;93,45
"3768";1;4;1;"66001";9999;1;1;0,00;44,62
"3768";2;4;1;"66001";9999;1;1;0,00;44,62
"3772";1;1;1;"66001";2012;1;2;30000,00;76,57
"3772";2;4;1;"66001";2014;1;1;0,00;76,57
"3773";1;4;1;"05001";2000;1;1;0,00;44,62
"3774";1;1;1;"17001";2007;1;1;0,00;76,57
"3775";1;4;1;"66001";2015;1;1;0,00;76,57
"3775";2;4;1;"66001";2001;1;1;0,00;76,57
"3776";1;2;1;"66682";1998;1;1;0,00;30,49
"3776";2;4;1;"66001";2005;1;1;0,00;30,49
"3779";1;4;1;"73001";1998;1;1;0,00;55,00
"3780";1;4;1;"66001";9999;1;1;0,00;38,57
"3782";1;4;1;"66001";9999;1;1;0,00;44,62
"3782";2;4;1;"66001";9999;1;1;0,00;44,62
"3784";1;4;1;"66001";9999;1;1;0,00;76,57
"3785";1;4;1;"66001";9999;1;1;0,00;85,60
"3787";1;1;1;"66001";1996;1;1;0,00;35,10
"3791";1;4;1;"66001";9999;1;1;0,00;44,62
"3796";1;1;1;"66170";9999;1;1;0,00;25,88
"3797";1;1;1;"11001";2016;1;1;0,00;30,49
"3798";1;1;1;"66001";2017;1;1;0,00;16,67
"3798";2;1;1;"66001";2017;1;1;0,00;16,67
"3800";1;1;1;"17001";2014;1;1;0,00;161,49
"3802";1;4;1;"66682";1997;1;1;0,00;30,49
"3803";1;1;1;"66001";2005;1;1;0,00;39,71
"3804";1;1;1;"66001";1988;1;1;0,00;16,67
"3804";2;1;1;"66001";2011;1;1;0,00;16,67
"3806";1;1;1;"63001";2017;1;1;0,00;45,30
"3807";1;2;2;"17001";2011;1;1;0,00;45,30
"3807";2;4;1;"66001";2016;1;3;25000,00;45,30
"3807";3;4;1;"66001";2002;1;3;25000,00;45,30
"3807";4;4;1;"05001";9999;1;1;0,00;45,30
"3808";1;1;1;"66682";1997;1;1;0,00;39,71
"3808";2;4;1;"66170";2014;1;1;0,00;39,71
"3809";1;4;1;"66001";2018;1;1;0,00;35,10
"3810";1;1;1;"66001";2011;1;1;0,00;25,88
"3810";2;1;2;"66001";2016;1;1;0,00;25,88
"3810";3;1;1;"66001";2016;1;1;0,00;25,88
"3811";1;1;1;"25307";2009;1;1;0,00;30,49
"3811";2;1;2;"66001";2016;1;1;0,00;30,49
"3811";3;4;1;"66170";2013;1;1;0,00;30,49
"3812";1;1;1;"63001";2008;1;1;0,00;30,49
"3813";1;4;1;"66001";2016;1;1;0,00;66,80
"3815";1;4;1;"66001";9999;1;1;0,00;144,36
"3815";2;4;1;"66001";9999;1;1;0,00;144,36
"3816";1;1;1;"66001";2015;1;1;0,00;195,74
"3816";2;1;1;"66001";9999;1;1;0,00;195,74
"3817";1;4;1;"66001";2012;1;1;0,00;30,49
"3818";1;1;1;"66001";2015;1;1;0,00;39,71
"3819";1;1;1;"66001";2017;1;1;0,00;25,88
"3820";1;1;1;"66001";2013;1;1;0,00;30,49
"3821";1;1;1;"66001";2015;1;1;0,00;25,88
"3821";2;1;2;"66001";2015;1;1;0,00;25,88
"3821";3;1;1;"66001";2015;1;1;0,00;25,88
"3821";4;4;1;"66001";2004;1;1;0,00;25,88
"3825";1;1;1;"66001";2016;1;1;0,00;30,49
"3825";2;3;1;"66001";2011;1;1;0,00;30,49
"3826";1;1;1;"66001";2010;1;1;0,00;21,28
"3826";2;1;1;"66001";2014;1;1;0,00;21,28
"3828";1;4;1;"66001";2005;1;1;0,00;48,62
"3829";1;4;1;"66170";2013;1;1;0,00;76,40
"3831";1;1;1;"66001";9999;1;1;0,00;493,89
"3834";1;4;1;"66001";2000;1;1;0,00;46,82
"3840";1;4;1;"66001";2013;1;1;0,00;58,94
"3841";1;5;1;"66001";2010;2;3;60000,00;72,37
"3843";1;1;1;"66001";2018;1;1;0,00;44,99
"3843";2;4;1;"17001";2011;1;1;0,00;44,99
"3846";1;4;1;"66001";2017;1;1;0,00;29,77
"3847";1;4;1;"66170";2014;1;1;0,00;150,84
"3848";1;1;1;"15001";2015;1;3;20000,00;119,44
"3849";1;4;1;"66001";2017;1;1;0,00;73,93
"3852";1;1;1;"66170";1995;1;2;0,00;25,36
"3853";1;1;1;"25290";2005;1;1;0,00;75,93
"3855";1;4;1;"66001";2015;1;1;0,00;58,94
"3855";2;4;1;"68307";2014;1;1;0,00;58,94
"3857";1;4;1;"17873";2016;1;1;0,00;47,89
"3859";1;4;1;"66400";2006;1;1;0,00;62,90
"3860";1;4;1;"66001";2013;1;1;0,00;78,70
"3862";1;4;1;"63001";2006;1;1;0,00;86,31
"3868";1;4;1;"66001";2018;1;1;0,00;43,74
"3869";1;1;1;"66170";9999;1;2;80000,00;204,75
"3871";1;4;1;"66170";2005;1;1;0,00;366,90
"3872";1;4;1;"66170";9999;1;1;0,00;293,03
"3873";1;1;1;"66170";1998;1;1;0,00;87,27
"3874";1;4;1;"66001";9999;1;1;0,00;91,26
"3875";1;4;1;"66001";2016;1;1;0,00;79,88
"3878";1;1;1;"11001";2014;1;1;0,00;60,59
"3881";1;4;1;"66400";2011;1;1;0,00;57,87
"3883";1;1;1;"17001";1988;1;2;0,00;96,41
"3883";2;4;1;"66001";2018;1;2;0,00;96,41
"3889";1;4;1;"66170";2016;1;1;0,00;101,34
"3889";2;4;1;"66170";2015;1;1;0,00;101,34
"3890";1;4;1;"66001";9999;1;1;0,00;58,55
"3898";1;4;1;"66001";2009;1;1;0,00;30,49
"3900";1;4;1;"66170";2014;1;3;26000,00;188,72
"3900";2;4;1;"66170";9999;1;3;26000,00;188,72
"3901";1;4;1;"66001";2017;1;1;0,00;170,30
"3902";1;2;6;"66682";9999;1;2;60000,00;93,42
"3903";1;4;1;"66400";2007;1;1;0,00;152,49
"3904";1;1;4;"76001";1989;1;3;40000,00;152,49
"3904";2;4;1;"66170";2013;1;1;0,00;152,49
"3906";1;1;1;"76001";2008;1;1;0,00;195,23
"3907";1;2;2;"66170";1982;5;1;0,00;107,04
"3907";2;2;1;"76001";1990;1;1;0,00;107,04
"3907";3;7;2;"63190";1955;1;2;0,00;107,04
"3908";1;1;1;"17001";1997;1;3;0,00;112,45
"3911";1;4;1;"66001";2013;1;2;0,00;269,13
"3914";1;1;1;"66001";2002;1;1;0,00;139,81
"3914";2;1;1;"66001";1996;1;1;0,00;139,81
"3914";3;4;1;"66001";2012;1;1;0,00;139,81
"3915";1;4;1;"66170";2010;1;3;0,00;174,91
"3916";1;1;1;"66001";2017;1;2;0,00;38,94
"3916";2;4;1;"66001";2016;1;2;0,00;38,94
"3917";1;4;1;"76147";2011;1;1;0,00;99,99
"3918";1;1;1;"66001";2017;1;2;0,00;40,02
"3918";2;4;1;"66001";2015;1;2;0,00;40,02
"3918";3;4;1;"66001";2015;1;2;0,00;40,02
"3920";1;1;1;"41206";9999;1;1;0,00;130,55
"3921";1;1;3;"66001";1987;1;4;0,00;200,76
"3924";1;4;1;"66001";2009;1;1;0,00;147,00
"3924";2;4;1;"66001";2018;1;1;0,00;147,00
"3925";1;4;1;"66001";2015;1;1;0,00;293,49
"3927";1;1;1;"66170";2016;1;2;0,00;233,11
"3928";1;1;1;"66001";2001;1;1;0,00;293,49
"3929";1;4;1;"66001";2016;1;1;0,00;35,10
"3930";1;4;1;"66001";2018;1;1;0,00;135,43
"3932";1;4;1;"66001";2013;1;1;0,00;43,74
"3936";1;4;1;"66001";2014;1;1;0,00;25,88
"3947";1;4;1;"66001";2012;1;1;0,00;21,28
"3948";1;4;1;"76147";2014;1;1;0,00;72,75
"3949";1;4;1;"66001";2014;1;1;0,00;30,49
"3969";1;1;1;"11001";2010;1;1;0,00;72,18
"3970";1;2;4;"66001";1994;1;1;0,00;100,85
"3971";1;2;1;"11001";2014;1;1;0,00;110,83
"3973";1;1;1;"66001";2016;1;1;0,00;121,55
"3974";1;4;1;"66001";2016;1;1;0,00;62,19
"3975";1;4;1;"66001";2015;1;1;0,00;69,95
"3975";2;4;1;"86001";2012;1;1;0,00;69,95
"3975";3;1;1;"66001";2015;1;1;0,00;69,95
"3976";1;2;1;"66001";2017;1;1;0,00;48,84
"3976";2;4;1;"66001";2014;1;1;0,00;48,84
"3978";1;1;1;"11001";2006;1;1;0,00;78,00
"3979";1;1;1;"66170";9999;1;1;0,00;173,21
"3980";1;1;1;"66001";2017;1;1;0,00;131,98
"3982";1;1;1;"66001";2009;1;1;0,00;130,15
"3982";2;4;1;"66001";2009;1;1;0,00;130,15
"3984";1;4;1;"66001";9999;1;1;0,00;14,60
"3984";2;4;1;"66001";9999;1;1;0,00;14,60
"3984";3;4;1;"66001";9999;1;1;0,00;14,60
"3985";1;4;1;"66001";2013;1;1;0,00;35,10
"3988";1;4;1;"66001";9999;1;1;0,00;30,49
"3990";1;4;1;"66001";9999;1;1;0,00;21,28
"3991";1;4;1;"66001";9999;1;1;0,00;21,28
"3992";1;4;1;"66001";1997;1;1;0,00;16,67
"4003";1;4;1;"66170";2012;1;1;0,00;21,28
"4003";2;4;1;"66170";1994;1;1;0,00;21,28
"4003";3;4;1;"66170";1996;1;1;0,00;21,28
"4010";1;1;1;"11001";2010;1;1;0,00;25,88
"4011";1;1;1;"11001";2017;1;1;0,00;35,10
"4011";2;1;1;"11001";2014;1;1;0,00;35,10
"4012";1;1;1;"66001";2012;1;1;0,00;25,88
"4012";2;1;1;"66001";2012;1;1;0,00;25,88
"4013";1;1;1;"66001";2003;1;1;0,00;35,10
"4013";2;1;1;"66001";2013;1;1;0,00;35,10
"4014";1;1;1;"66001";2015;1;1;0,00;30,49
"4014";2;1;1;"66001";2016;1;1;0,00;30,49
"4014";3;1;1;"66001";2013;1;1;0,00;30,49
"4017";1;1;1;"05266";2008;1;1;0,00;25,88
"4017";2;1;1;"05360";2010;1;1;0,00;25,88
"4018";1;1;1;"66001";2012;1;1;0,00;21,28
"4018";2;1;1;"66001";2012;1;1;0,00;21,28
"4018";3;1;1;"66001";2015;1;1;0,00;21,28
"4018";4;1;3;"66170";9999;1;1;0,00;21,28
"4018";5;4;1;"66001";1998;1;1;0,00;21,28
"4020";1;4;1;"66001";2017;1;1;0,00;25,88
"4023";1;1;2;"76001";2009;1;1;0,00;35,10
"4024";1;1;1;"66001";2018;1;1;0,00;30,49
"4024";2;1;1;"66001";2014;1;1;0,00;30,49
"4025";1;2;2;"17001";2012;1;1;0,00;25,88
"4034";1;4;1;"63001";2011;1;1;0,00;21,28
"4035";1;4;1;"66001";2007;1;1;0,00;25,88
"4042";1;4;1;"66170";2012;1;1;0,00;94,63
"4050";1;4;1;"76834";2014;1;1;0,00;67,54
"4052";1;4;1;"66170";2014;1;1;0,00;85,60
"4053";1;1;1;"11001";2009;1;1;0,00;67,54
"4055";1;4;1;"66001";2015;1;1;0,00;85,60
"4056";1;4;1;"66001";2017;1;1;0,00;85,60
"4060";1;4;1;"66001";2009;1;2;0,00;49,48
"4062";1;4;1;"66001";2012;1;1;0,00;76,57
"4063";1;1;1;"66001";2015;1;1;0,00;94,63
"4064";1;1;1;"66001";2015;1;1;0,00;67,54
"4073";1;2;1;"66001";1954;1;1;0,00;85,60
"4075";1;4;1;"66682";2008;1;1;0,00;94,63
"4080";1;1;4;"66001";2005;1;1;0,00;49,48
"4082";1;1;1;"76001";1985;1;1;0,00;94,63
"4085";1;4;1;"66001";1993;1;1;0,00;94,63
"4086";1;4;1;"66001";9999;1;1;0,00;67,54
"4087";1;4;1;"66001";1999;1;1;0,00;76,57
"4088";1;4;1;"66170";2007;1;1;0,00;85,60
"4090";1;4;1;"66001";2014;1;1;0,00;58,51
"4091";1;4;1;"66170";2013;1;1;0,00;85,60
"4091";2;4;1;"76036";2016;1;1;0,00;85,60
"4092";1;4;1;"66001";2012;1;1;0,00;76,57
"4092";2;4;1;"66001";2014;1;1;0,00;76,57
"4094";1;4;1;"66001";2017;1;1;0,00;85,60
"4096";1;1;1;"05266";2005;1;3;35000,00;76,57
"4096";2;4;1;"66001";2007;1;1;0,00;76,57
"4097";1;4;1;"11001";2011;1;1;0,00;94,63
"4102";1;4;1;"66001";2005;1;1;0,00;166,19
"4103";1;1;1;"66001";2012;1;4;0,00;94,63
"4104";1;4;1;"66001";2006;1;1;0,00;85,60
"4107";1;4;1;"66001";2018;1;1;0,00;85,60
"4108";1;4;1;"66001";2008;1;1;0,00;76,57
"4109";1;4;1;"66001";2018;1;1;0,00;94,63
"4109";2;4;1;"66001";2009;1;1;0,00;94,63
"4109";3;1;1;"66001";1998;1;3;0,00;94,63
"4110";1;4;1;"66001";9999;1;1;0,00;76,57
"4111";1;4;1;"66170";2004;1;1;0,00;85,60
"4112";1;4;1;"66001";2010;1;1;0,00;67,54
"4112";2;4;1;"66001";2012;1;1;0,00;67,54
"4114";1;4;1;"15131";2013;1;1;0,00;262,38
"4119";1;1;1;"17001";2015;1;1;0,00;130,49
"4122";1;4;1;"66170";2011;1;1;0,00;229,67
"4124";1;1;1;"66001";1987;1;1;0,00;222,79
"4125";1;1;1;"66170";9999;1;2;40000,00;161,28
"4128";1;5;4;"66170";2011;1;1;0,00;25,88
"4128";2;4;1;"66001";2008;1;1;0,00;25,88
"4128";3;4;1;"66170";1990;1;1;0,00;25,88
"4129";1;4;1;"66001";2016;1;4;0,00;14,60
"4130";1;4;1;"66001";2005;1;1;0,00;25,88
"4141";1;4;1;"66001";2006;1;1;0,00;30,49
"4142";1;2;1;"66001";2005;1;1;0,00;35,10
"4143";1;1;1;"66682";9999;1;2;0,00;25,88
"4144";1;4;1;"66001";9999;1;1;0,00;25,88
"4146";1;1;1;"66001";2005;1;1;0,00;14,60
"4146";2;1;1;"66001";2013;1;1;0,00;14,60
"4146";3;1;1;"66001";2000;1;1;0,00;14,60
"4147";1;1;4;"05001";1989;1;1;0,00;25,88
"4147";2;4;1;"66001";1986;1;1;0,00;25,88
"4148";1;4;1;"66001";2011;1;1;0,00;35,10
"4149";1;1;1;"66001";2006;1;3;50000,00;30,49
"4149";2;2;1;"66001";2012;1;3;50000,00;30,49
"4152";1;4;1;"66001";2015;1;1;0,00;35,10
"4153";1;1;1;"66001";9999;1;1;0,00;35,10
"4153";2;1;1;"66001";9999;1;1;0,00;35,10
"4154";1;4;1;"66001";2016;1;1;0,00;35,10
"4155";1;4;1;"66001";9999;1;1;0,00;30,49
"4157";1;1;1;"76147";2010;1;1;0,00;35,10
"4159";1;4;1;"66170";2004;1;1;0,00;35,10
"4160";1;4;1;"66001";2015;1;1;0,00;30,49
"4162";1;4;1;"17174";2009;1;1;0,00;94,63
"4163";1;1;1;"66001";2015;1;1;0,00;58,51
"4163";2;4;1;"66001";2015;1;1;0,00;58,51
"4165";1;2;4;"66001";1990;1;4;0,00;76,57
"4165";2;4;1;"66001";1980;1;1;0,00;76,57
"4166";1;4;1;"66001";2000;1;4;0,00;85,60
"4167";1;4;1;"66001";2005;1;1;0,00;67,54
"4167";2;4;1;"66001";2009;1;1;0,00;67,54
"4171";1;1;1;"66001";2013;1;1;0,00;103,66
"4173";1;1;1;"05001";2001;1;1;0,00;85,60
"4173";2;4;1;"66170";2012;1;1;0,00;85,60
"4176";1;4;1;"66001";2017;1;1;0,00;76,57
"4198";1;4;1;"66001";1994;1;1;0,00;16,67
"4199";1;4;1;"66001";9999;1;1;0,00;21,28
"4199";2;4;1;"66001";9999;1;1;0,00;21,28
"4200";1;4;1;"66001";9999;1;1;0,00;25,88
"4206";1;2;1;"66682";1998;1;1;0,00;30,49
