"FORMULARIO";"INGRESOS";"F_EXP"
"0001";3;23,62
"0004";2;128,31
"0006";2;384,12
"0008";1;56,84
"0009";3;100,65
"0010";2;52,06
"0012";2;86,08
"0014";10;52,06
"0016";6;66,88
"0018";3;520,00
"0020";3;47,35
"0021";1;199,29
"0022";4;83,84
"0023";10;164,74
"0024";10;103,12
"0026";10;228,79
"0027";1;136,89
"0028";1;16,76
"0029";1;158,07
"0030";1;226,68
"0031";2;44,36
"0032";10;158,07
"0033";2;19,31
"0035";2;9,77
"0036";3;149,23
"0038";2;38,88
"0039";10;238,83
"0040";10;32,48
"0041";1;51,97
"0042";2;16,59
"0043";3;71,65
"0046";1;174,87
"0047";6;17,22
"0048";1;58,71
"0049";1;24,06
"0051";2;29,76
"0053";7;58,71
"0054";1;51,97
"0055";1;17,22
"0056";1;62,68
"0057";2;49,11
"0058";1;33,13
"0059";1;143,18
"0060";1;25,18
"0061";2;308,09
"0062";1;66,48
"0063";2;300,52
"0065";10;247,16
"0067";2;70,56
"0068";2;255,18
"0069";1;70,56
"0070";1;28,33
"0071";1;86,69
"0073";6;16,16
"0074";2;111,29
"0075";1;17,50
"0076";2;114,22
"0079";1;188,52
"0080";1;29,76
"0083";6;230,23
"0084";10;26,20
"0085";1;90,74
"0086";3;145,31
"0088";9;151,07
"0089";10;452,67
"0090";10;77,01
"0091";1;104,20
"0092";10;83,27
"0094";1;21,42
"0095";5;170,16
"0096";1;12,29
"0097";3;12,29
"0098";1;37,03
"0099";2;43,77
"0100";10;50,79
"0102";4;67,69
"0103";1;74,07
"0104";3;46,65
"0105";10;27,36
"0106";1;174,97
"0107";1;50,26
"0110";2;146,37
"0112";2;53,47
"0113";1;810,00
"0114";1;50,26
"0116";2;33,13
"0117";1;38,95
"0118";3;33,13
"0119";2;59,30
"0120";2;88,84
"0121";5;110,15
"0123";2;96,91
"0124";3;72,66
"0125";1;68,15
"0127";4;154,18
"0128";7;111,41
"0129";5;142,31
"0131";5;21,20
"0132";4;35,49
"0133";2;51,88
"0135";3;103,34
"0136";1;12,25
"0137";5;255,18
"0138";2;24,06
"0139";5;79,87
"0140";2;12,25
"0141";2;251,10
"0143";6;45,21
"0144";3;14,82
"0145";4;41,48
"0147";2;94,06
"0148";2;85,83
"0149";3;172,84
"0150";2;289,99
"0153";1;135,78
"0155";2;66,17
"0159";1;131,61
"0160";1;66,17
"0161";2;46,60
"0162";1;79,93
"0163";10;434,34
"0164";2;64,52
"0165";6;97,91
"0166";10;65,94
"0168";2;77,35
"0169";2;64,81
"0172";2;145,79
"0174";2;109,11
"0175";1;44,75
"0178";2;53,93
"0179";2;154,76
"0181";1;115,62
"0182";1;130,73
"0183";2;89,92
"0184";2;14,52
"0185";2;172,57
"0186";2;158,21
"0187";2;62,57
"0189";2;58,37
"0190";2;323,65
"0191";1;81,09
"0192";1;234,71
"0193";2;24,62
"0194";3;145,29
"0195";1;45,82
"0196";3;200,27
"0198";6;760,00
"0199";10;54,53
"0200";1;59,08
"0201";2;85,97
"0202";4;95,44
"0204";1;31,19
"0205";1;42,38
"0207";2;42,38
"0210";2;39,84
"0211";1;13,52
"0213";1;17,18
"0214";1;27,50
"0215";2;136,90
"0216";5;25,44
"0220";1;55,21
"0222";1;11,10
"0223";1;37,55
"0224";10;25,30
"0226";10;81,93
"0228";10;43,74
"0229";1;11,85
"0231";3;29,24
"0232";2;33,13
"0233";2;49,88
"0234";3;46,40
"0236";1;35,07
"0237";2;122,62
"0238";3;538,57
"0240";3;53,36
"0241";2;50,66
"0243";2;74,37
"0244";3;122,82
"0246";2;69,29
"0247";5;50,66
"0248";2;58,67
"0251";2;33,13
"0252";1;26,38
"0253";3;174,87
"0254";2;38,95
"0255";2;25,18
"0256";4;14,37
"0258";1;77,56
"0259";1;20,85
"0260";3;46,27
"0261";2;105,51
"0262";10;96,40
"0263";10;87,28
"0265";2;23,60
"0267";10;188,72
"0270";10;20,03
"0271";2;38,00
"0273";1;38,00
"0274";10;60,98
"0275";7;21,23
"0276";6;12,29
"0277";1;46,63
"0278";5;58,02
"0280";10;25,99
"0281";4;24,06
"0282";4;37,97
"0283";3;13,26
"0284";3;13,12
"0285";2;89,28
"0286";10;89,28
"0288";3;12,79
"0289";1;12,25
"0290";2;18,14
"0291";2;83,05
"0292";1;93,02
"0293";2;16,37
"0294";2;52,68
"0295";1;92,26
"0299";2;104,95
"0300";4;31,39
"0304";2;81,45
"0305";10;34,47
"0306";2;34,47
"0307";1;76,09
"0308";5;24,96
"0310";10;86,54
"0311";2;64,47
"0313";2;170,15
"0314";3;142,68
"0315";2;107,44
"0319";1;81,29
"0321";1;34,61
"0325";1;67,61
"0326";10;70,69
"0327";2;17,75
"0328";3;17,37
"0331";1;259,90
"0332";1;77,56
"0333";1;56,40
"0334";1;22,20
"0337";1;22,20
"0339";1;60,73
"0340";1;16,97
"0343";10;28,97
"0344";10;44,70
"0345";10;23,22
"0346";10;28,05
"0348";10;23,36
"0349";9;19,11
"0350";2;50,87
"0351";2;57,11
"0352";2;37,59
"0354";2;113,95
"0355";1;58,65
"0358";1;82,11
"0362";4;13,76
"0365";10;13,41
"0366";3;230,11
"0367";5;7,90
"0369";10;7,90
"0370";10;26,44
"0372";2;25,17
"0373";1;23,69
"0378";1;28,81
"0379";1;12,61
"0381";10;58,67
"0383";1;54,67
"0384";1;55,49
"0385";1;43,65
"0386";1;50,87
"0387";2;48,90
"0388";1;64,59
"0389";3;45,61
"0390";3;59,00
"0391";2;37,97
"0394";1;26,22
"0395";10;21,66
"0397";1;122,13
"0398";1;25,71
"0399";10;17,10
"0401";3;45,95
"0402";1;10,11
"0403";1;31,85
"0405";1;46,33
"0407";2;53,54
"0408";4;59,74
"0409";2;72,92
"0410";2;46,36
"0414";5;8,13
"0415";10;8,13
"0416";5;15,65
"0418";2;49,58
"0419";1;21,72
"0421";2;28,87
"0423";10;36,81
"0426";10;78,39
"0427";7;124,93
"0429";10;23,36
"0430";2;17,31
"0431";10;7,47
"0435";1;29,72
"0437";10;19,16
"0438";2;32,96
"0439";2;32,96
"0440";4;30,79
"0441";2;17,23
"0442";10;86,28
"0443";1;15,50
"0444";1;92,26
"0445";2;48,72
"0447";10;31,39
"0448";10;31,39
"0450";10;124,73
"0451";2;16,37
"0452";1;101,78
"0455";1;34,95
"0459";1;43,88
"0461";3;47,35
"0462";10;37,59
"0463";1;37,59
"0470";10;22,37
"0473";6;21,23
"0475";2;63,87
"0476";2;18,96
"0477";10;15,91
"0478";10;92,17
"0481";4;25,30
"0482";2;46,41
"0485";3;76,60
"0486";10;42,34
"0487";1;41,32
"0488";1;6,58
"0489";1;6,58
"0490";3;58,79
"0491";10;11,09
"0492";5;20,09
"0493";10;18,84
"0495";10;13,46
"0496";10;13,42
"0497";3;11,09
"0498";6;14,83
"0499";10;98,32
"0507";1;12,71
"0514";2;13,33
"0519";1;17,18
"0521";1;66,67
"0522";2;53,69
"0523";1;46,27
"0524";10;47,48
"0525";3;58,30
"0526";1;22,48
"0527";2;25,50
"0528";1;58,30
"0530";1;13,98
"0531";2;19,61
"0533";2;118,49
"0535";2;8,76
"0536";1;25,50
"0537";3;14,06
"0538";3;108,30
"0539";1;122,07
"0540";3;10,52
"0541";2;13,21
"0542";1;45,61
"0543";1;45,61
"0545";2;13,21
"0546";1;39,02
"0547";1;15,54
"0549";1;22,20
"0551";1;42,56
"0553";1;11,85
"0554";2;52,07
"0555";1;16,97
"0556";2;6,02
"0557";1;285,42
"0559";10;6,77
"0560";3;49,88
"0561";2;13,03
"0562";1;10,66
"0563";1;130,93
"0564";2;144,80
"0565";2;5,43
"0566";1;11,17
"0567";6;137,86
"0568";10;7,24
"0569";1;7,16
"0570";2;137,86
"0572";3;5,52
"0573";2;5,52
"0574";1;37,41
"0575";5;7,24
"0577";1;52,31
"0581";8;47,32
"0582";10;10,06
"0583";10;9,92
"0584";10;21,42
"0586";10;27,12
"0587";10;20,49
"0588";3;126,92
"0589";10;89,23
"0590";10;29,19
"0591";1;21,89
"0592";10;28,65
"0593";10;54,91
"0595";2;188,18
"0597";10;28,98
"0598";10;29,32
"0599";10;316,05
"0603";2;30,32
"0604";3;16,42
"0605";7;9,21
"0606";10;16,42
"0607";5;16,42
"0608";8;17,31
"0609";10;7,02
"0610";10;7,15
"0612";2;19,10
"0615";10;28,98
"0616";2;11,82
"0617";10;41,18
"0618";5;27,06
"0619";10;25,97
"0620";10;41,18
"0621";1;6,21
"0624";1;16,95
"0625";2;7,67
"0626";2;7,67
"0627";1;20,52
"0628";3;22,75
"0630";1;12,52
"0631";4;10,83
"0632";6;65,91
"0633";3;65,91
"0636";2;29,84
"0637";7;51,95
"0638";3;65,91
"0639";4;12,12
"0640";10;27,74
"0645";2;69,08
"0646";1;84,48
"0648";5;111,00
"0649";10;71,28
"0650";4;13,02
"0657";2;16,03
"0658";10;66,46
"0659";10;240,55
"0661";1;80,29
"0662";1;53,85
"0664";1;17,18
"0665";1;92,82
"0667";2;8,27
"0671";2;49,60
"0672";2;41,70
"0674";1;107,44
"0676";2;72,20
"0677";2;59,27
"0679";1;45,22
"0680";2;73,33
"0683";2;44,38
"0685";2;33,76
"0688";2;29,34
"0689";10;35,46
"0690";2;26,64
"0691";2;25,60
"0692";5;29,34
"0694";2;28,71
"0695";5;47,96
"0696";2;47,96
"0697";7;13,41
"0699";4;35,46
"0700";6;25,47
"0701";3;29,84
"0702";5;20,45
"0703";10;64,03
"0704";3;12,29
"0705";2;19,81
"0706";1;2,30
"0707";6;64,03
"0709";1;8,76
"0711";1;11,04
"0712";2;9,09
"0713";1;10,06
"0714";2;8,21
"0715";10;14,06
"0716";2;11,30
"0717";3;12,29
"0718";10;9,38
"0719";1;14,73
"0720";2;8,29
"0721";3;16,44
"0724";8;8,46
"0725";3;8,13
"0726";6;17,24
"0727";2;94,44
"0728";5;15,91
"0729";3;42,88
"0730";1;55,12
"0731";1;24,75
"0732";2;83,33
"0734";1;9,70
"0735";3;28,37
"0736";1;13,52
"0737";1;21,98
"0738";2;39,79
"0739";1;15,00
"0741";2;17,22
"0746";5;40,85
"0747";2;40,62
"0748";3;37,37
"0749";10;46,57
"0750";10;28,60
"0751";10;41,27
"0752";10;45,72
"0753";1;5,34
"0754";10;39,67
"0757";10;34,76
"0760";6;23,02
"0762";10;26,75
"0764";1;6,21
"0766";2;59,40
"0767";1;13,00
"0769";2;30,94
"0773";2;31,21
"0774";3;140,01
"0776";3;65,23
"0778";10;100,28
"0779";3;119,52
"0780";5;99,39
"0782";9;60,89
"0783";10;88,38
"0786";1;51,23
"0787";1;29,00
"0788";2;30,56
"0789";2;5,40
"0790";5;18,82
"0792";2;5,40
"0793";1;24,46
"0794";2;30,94
"0796";1;28,18
"0798";2;36,29
"0800";2;5,52
"0803";3;23,02
"0806";10;21,61
"0807";2;27,92
"0808";10;27,45
"0809";10;21,31
"0810";2;21,31
"0811";3;38,68
"0813";3;27,87
"0814";3;16,07
"0815";5;15,75
"0816";4;26,79
"0819";10;26,79
"0820";10;15,81
"0821";10;44,18
"0822";10;15,49
"0823";10;43,14
"0824";1;9,98
"0826";10;5,42
"0827";2;5,35
"0828";6;8,82
"0829";10;371,48
"0830";6;9,01
"0831";2;5,35
"0833";4;34,48
"0834";6;8,82
"0836";10;9,01
"0837";10;9,01
"0839";1;30,63
"0840";1;20,27
"0841";2;33,08
"0843";2;61,38
"0844";3;250,41
"0847";3;147,51
"0848";4;61,38
"0849";7;23,48
"0850";3;11,30
"0852";10;10,24
"0853";2;7,80
"0854";2;24,10
"0857";10;38,36
"0858";6;100,75
"0859";10;33,33
"0860";6;30,33
"0861";10;18,46
"0862";1;26,35
"0864";10;25,39
"0869";3;19,47
"0870";10;46,28
"0872";10;19,92
"0874";2;19,47
"0875";1;7,05
"0876";3;37,77
"0877";10;19,92
"0878";5;9,28
"0880";2;6,18
"0881";6;29,80
"0882";5;29,65
"0885";2;7,36
"0887";2;14,06
"0888";2;10,83
"0889";2;6,40
"0890";3;10,83
"0891";3;24,41
"0892";3;24,48
"0893";1;14,06
"0894";2;29,57
"0895";3;13,78
"0897";3;24,94
"0898";10;27,15
"0901";10;19,11
"0903";10;146,25
"0905";10;31,33
"0907";10;59,88
"0908";2;35,75
"0909";3;26,02
"0910";6;29,89
"0912";4;28,98
"0913";5;53,86
"0914";1;46,42
"0916";10;60,41
"0917";10;27,65
"0918";10;323,66
"0920";4;14,84
"0923";2;8,01
"0926";3;10,71
"0927";2;10,50
"0928";5;12,59
"0929";10;5,34
"0930";2;159,84
"0931";7;25,30
"0933";10;26,64
"0935";10;18,21
"0936";10;70,63
"0937";10;28,70
"0938";7;24,11
"0939";2;8,04
"0940";1;14,62
"0943";3;13,11
"0944";2;4,61
"0947";1;14,44
"0948";3;29,77
"0949";2;10,50
"0950";2;5,02
"0951";2;108,30
"0958";10;38,68
"0960";6;28,05
"0961";2;35,47
"0962";10;8,83
"0964";4;8,84
"0966";2;8,85
"0967";2;47,91
"0969";10;29,74
"0970";5;26,69
"0971";3;22,23
"0973";3;29,90
"0975";10;11,30
"0976";10;11,99
"0979";10;19,28
"0981";1;14,73
"0983";7;147,32
"0984";3;14,96
"0985";1;14,12
"0986";10;16,47
"0987";10;17,52
"0989";3;17,52
"0990";2;18,60
"0991";1;17,52
"0992";10;19,40
"0993";10;18,06
"0994";10;18,60
"0995";4;26,44
"0997";2;25,30
"1001";5;10,37
"1002";10;10,37
"1003";10;67,11
"1004";2;85,08
"1006";2;65,33
"1007";5;67,11
"1009";1;170,13
"1011";2;67,11
"1012";10;13,02
"1013";4;13,02
"1016";2;218,68
"1017";1;81,09
"1018";2;137,34
"1019";10;24,94
"1020";1;24,94
"1021";5;29,11
"1023";2;23,63
"1024";3;24,94
"1026";9;212,85
"1028";6;7,15
"1029";8;137,12
"1030";4;18,79
"1031";10;23,63
"1032";4;17,74
"1033";1;23,63
"1035";10;19,66
"1036";2;31,84
"1037";4;20,30
"1038";2;16,70
"1039";10;31,84
"1040";2;27,40
"1042";3;67,72
"1052";10;12,73
"1055";2;164,57
"1078";1;28,61
"1079";2;24,52
"1111";5;42,34
"1114";10;35,11
"1116";7;43,08
"1119";2;78,23
"1120";1;81,37
"1121";10;124,87
"1124";2;20,21
"1125";10;21,30
"1126";3;29,74
"1127";2;12,04
"1128";1;24,73
"1129";1;26,62
"1130";1;22,41
"1131";2;26,62
"1132";1;26,62
"1134";1;16,21
"1135";3;398,18
"1136";3;27,27
"1137";2;17,34
"1138";1;57,34
"1139";2;49,54
"1141";1;292,19
"1142";1;124,77
"1144";1;36,28
"1146";1;25,56
"1148";9;116,95
"1149";10;97,94
"1150";1;5,79
"1151";4;5,24
"1152";5;189,29
"1153";2;159,84
"1154";2;17,53
"1155";1;17,53
"1156";10;8,27
"1157";1;6,82
"1158";1;10,06
"1161";3;22,53
"1163";1;39,67
"1164";10;39,67
"1166";2;36,98
"1167";10;48,35
"1174";3;67,11
"1175";1;37,87
"1176";1;86,26
"1177";1;22,67
"1178";1;58,48
"1179";2;221,30
"1180";2;27,35
"1183";2;17,57
"1185";3;54,95
"1186";2;105,94
"1187";2;30,07
"1189";1;14,38
"1190";2;30,07
"1191";3;26,44
"1192";4;15,91
"1193";10;43,74
"1194";1;6,21
"1196";2;20,76
"1197";1;20,76
"1199";2;16,50
"1201";2;26,70
"1202";2;16,93
"1203";2;33,08
"1204";1;19,27
"1205";2;17,73
"1206";5;13,82
"1207";2;13,21
"1208";2;18,21
"1209";1;5,40
"1210";2;24,41
"1211";1;16,14
"1212";2;26,50
"1213";2;41,33
"1216";2;25,90
"1217";4;28,27
"1218";10;28,27
"1219";4;75,24
"1220";3;75,24
"1221";10;64,53
"1222";3;85,95
"1225";4;96,66
"1226";2;64,53
"1228";3;177,00
"1229";2;80,59
"1230";1;30,56
"1231";2;54,68
"1232";1;15,89
"1233";1;161,53
"1235";1;35,47
"1236";1;18,24
"1237";2;42,90
"1238";4;31,19
"1239";3;28,84
"1240";3;32,32
"1242";2;40,39
"1244";2;53,08
"1245";2;46,87
"1246";10;26,87
"1249";10;27,12
"1250";10;27,12
"1256";2;86,95
"1257";2;12,41
"1258";1;12,41
"1259";1;17,22
"1262";3;51,55
"1263";10;36,98
"1264";2;41,30
"1265";10;72,84
"1266";2;19,08
"1268";10;17,74
"1269";10;92,75
"1270";10;19,08
"1271";5;19,08
"1272";2;52,76
"1273";1;52,76
"1274";10;51,00
"1275";2;65,08
"1276";10;51,10
"1277";9;150,00
"1279";1;133,32
"1280";10;62,38
"1281";3;40,01
"1282";2;84,02
"1283";2;36,34
"1284";1;34,06
"1285";2;50,41
"1286";1;117,89
"1287";1;93,86
"1288";2;38,30
"1289";2;99,49
"1291";2;33,17
"1292";1;65,88
"1293";2;82,43
"1294";2;3,49
"1297";2;64,12
"1298";2;25,66
"1299";10;60,13
"1300";2;27,20
"1301";2;34,73
"1302";1;41,24
"1303";1;20,02
"1304";10;12,08
"1305";1;13,65
"1306";1;29,27
"1307";2;402,85
"1308";1;85,31
"1309";1;17,63
"1310";1;25,23
"1311";1;94,21
"1312";5;33,15
"1313";1;31,23
"1315";2;82,71
"1316";2;82,71
"1317";10;84,19
"1318";1;40,39
"1320";5;21,78
"1321";2;51,42
"1322";2;31,19
"1323";2;104,05
"1325";4;279,88
"1326";2;279,88
"1327";3;314,00
"1328";3;279,88
"1329";3;33,17
"1330";1;46,94
"1331";1;27,36
"1332";2;19,16
"1333";2;47,88
"1335";10;29,47
"1336";10;27,36
"1337";2;29,47
"1340";1;47,91
"1342";2;28,99
"1343";2;132,70
"1345";4;98,32
"1347";1;34,25
"1348";2;23,72
"1349";1;35,02
"1351";1;103,48
"1352";1;42,28
"1353";2;34,30
"1354";1;27,85
"1355";1;66,97
"1356";10;120,25
"1357";2;40,26
"1359";1;50,43
"1361";4;44,16
"1362";2;37,17
"1363";1;34,92
"1364";2;34,92
"1365";2;312,84
"1366";2;88,54
"1368";4;36,91
"1370";1;10,97
"1373";1;50,49
"1379";2;18,56
"1380";2;34,05
"1383";1;80,46
"1384";10;12,39
"1386";2;8,14
"1387";2;140,14
"1389";2;38,74
"1390";1;26,69
"1391";1;31,83
"1392";2;86,30
"1393";5;59,86
"1394";2;167,91
"1395";2;21,11
"1396";1;22,23
"1397";1;24,43
"1399";2;24,43
"1400";3;8,31
"1401";10;5,49
"1402";3;5,40
"1404";3;37,17
"1405";2;93,61
"1406";1;39,18
"1407";2;44,51
"1409";2;320,26
"1410";1;20,71
"1411";1;6,44
"1412";2;9,75
"1413";1;39,06
"1414";2;10,24
"1415";1;52,80
"1416";2;19,99
"1417";1;19,21
"1418";1;30,46
"1419";3;17,96
"1420";3;57,89
"1421";2;25,02
"1422";2;57,13
"1424";1;42,13
"1425";1;42,70
"1426";2;24,59
"1429";2;27,61
"1430";1;57,34
"1431";1;15,71
"1432";3;11,68
"1433";1;239,07
"1434";2;43,54
"1437";1;10,97
"1438";4;57,55
"1439";1;24,49
"1440";3;25,46
"1441";5;26,44
"1442";1;13,52
"1443";10;11,18
"1444";10;15,30
"1445";10;19,43
"1446";2;83,95
"1448";2;36,91
"1449";3;206,58
"1452";4;29,63
"1453";1;85,95
"1455";5;83,24
"1459";10;64,53
"1464";2;19,47
"1466";2;42,34
"1467";2;40,05
"1468";2;10,22
"1469";3;96,38
"1470";1;11,99
"1472";10;13,11
"1473";10;214,97
"1474";10;17,22
"1475";10;18,26
"1476";10;117,32
"1478";2;53,71
"1479";1;18,71
"1480";1;18,74
"1481";2;112,90
"1482";2;18,24
"1483";2;43,74
"1485";7;121,19
"1486";3;140,01
"1487";10;110,91
"1489";7;134,73
"1490";10;85,44
"1491";10;86,47
"1494";3;101,01
"1495";10;43,74
"1496";10;65,36
"1497";9;19,18
"1498";10;19,68
"1499";7;19,68
"1500";10;98,44
"1501";6;105,46
"1502";3;22,69
"1503";2;54,95
"1504";10;98,02
"1505";6;79,98
"1506";3;65,16
"1507";5;83,16
"1508";10;66,79
"1509";10;60,18
"1510";1;84,31
"1511";10;88,55
"1512";10;15,08
"1513";10;23,29
"1514";3;10,97
"1515";3;23,29
"1516";10;60,18
"1517";10;40,77
"1519";2;51,55
"1520";3;98,36
"1522";2;98,24
"1524";2;57,13
"1525";2;51,42
"1526";1;41,56
"1527";2;57,13
"1528";10;50,93
"1529";2;24,59
"1530";3;66,00
"1531";10;505,65
"1532";10;234,41
"1533";10;107,75
"1534";1;26,89
"1535";10;62,05
"1536";2;48,41
"1537";10;36,31
"1538";3;104,05
"1540";2;29,82
"1541";1;35,99
"1542";2;35,99
"1543";1;33,70
"1544";1;39,83
"1545";1;23,46
"1546";2;23,46
"1547";1;28,61
"1548";2;37,14
"1549";3;19,21
"1551";2;271,73
"1552";2;2,29
"1553";1;87,88
"1554";2;23,47
"1555";2;41,52
"1556";1;43,58
"1557";1;43,58
"1558";2;28,07
"1559";2;53,67
"1560";2;41,46
"1561";1;1135,38
"1562";2;454,91
"1563";1;80,46
"1564";3;79,55
"1565";3;48,49
"1567";7;49,03
"1568";1;12,41
"1569";1;12,38
"1570";10;48,49
"1571";10;34,76
"1572";5;115,54
"1574";10;115,54
"1575";5;78,86
"1577";6;80,23
"1578";4;25,64
"1580";10;25,56
"1581";7;126,70
"1582";5;25,80
"1584";10;107,42
"1585";6;79,55
"1587";1;50,75
"1593";1;3,84
"1594";2;16,89
"1595";1;20,90
"1596";1;34,30
"1597";2;32,31
"1598";1;25,66
"1599";2;12,47
"1600";1;102,15
"1601";1;30,46
"1603";2;37,87
"1604";2;40,39
"1605";2;100,36
"1606";4;11,98
"1607";1;23,39
"1608";3;36,79
"1609";2;6,17
"1612";2;20,01
"1613";3;32,90
"1614";2;39,06
"1615";2;33,39
"1616";1;61,71
"1617";10;21,35
"1618";10;2,56
"1619";2;21,78
"1620";2;14,33
"1621";1;11,69
"1622";1;57,34
"1623";10;38,42
"1624";1;60,72
"1625";10;15,26
"1626";1;11,99
"1627";1;12,30
"1628";1;271,73
"1629";1;37,45
"1630";10;136,68
"1631";10;41,23
"1632";1;35,99
"1633";10;35,99
"1634";1;213,03
"1635";3;150,83
"1636";2;84,19
"1637";1;36,28
"1638";4;65,03
"1639";3;83,63
"1640";1;149,71
"1641";1;278,54
"1642";10;54,95
"1643";1;46,41
"1644";10;43,74
"1645";2;43,74
"1647";10;43,74
"1649";8;62,83
"1651";7;67,50
"1653";9;95,72
"1654";3;56,74
"1656";9;82,96
"1657";2;45,31
"1658";1;38,31
"1660";1;22,20
"1662";10;85,58
"1663";9;62,80
"1665";10;43,74
"1666";10;85,55
"1667";1;115,49
"1669";10;51,52
"1670";1;56,74
"1672";10;43,74
"1673";10;23,37
"1674";10;5,88
"1675";10;37,19
"1676";2;79,39
"1677";10;41,00
"1678";10;28,71
"1679";10;22,48
"1680";10;17,30
"1681";3;21,36
"1682";1;34,13
"1683";10;166,44
"1684";1;65,88
"1686";1;82,43
"1687";10;30,17
"1688";2;27,94
"1689";8;38,00
"1690";1;181,83
"1694";2;13,00
"1696";1;12,86
"1698";2;48,59
"1702";1;31,21
"1703";2;5,79
"1704";1;99,06
"1705";2;99,06
"1706";2;73,08
"1707";2;25,66
"1708";1;34,30
"1709";3;25,56
"1710";1;56,19
"1711";2;21,62
"1713";1;41,24
"1715";2;5,29
"1717";2;58,95
"1718";1;10,84
"1719";1;27,74
"1720";1;10,44
"1721";4;4,03
"1722";2;44,38
"1723";1;16,11
"1724";2;9,75
"1725";2;13,01
"1726";2;58,49
"1727";2;64,80
"1728";2;41,46
"1729";1;55,79
"1730";1;46,47
"1731";1;53,50
"1732";10;25,62
"1733";10;28,20
"1734";10;50,61
"1735";1;136,74
"1737";1;38,13
"1739";1;20,90
"1741";10;53,08
"1742";1;24,46
"1743";10;70,73
"1744";2;199,26
"1746";10;80,18
"1747";1;61,65
"1749";2;143,58
"1750";10;259,87
"1753";10;113,79
"1754";3;79,13
"1755";8;109,03
"1756";2;36,28
"1758";2;29,49
"1759";1;39,80
"1760";2;298,90
"1761";1;133,84
"1762";1;13,19
"1763";1;13,81
"1764";2;14,44
"1765";1;20,02
"1766";1;46,87
"1767";1;14,09
"1768";1;73,02
"1769";1;13,46
"1770";1;6,63
"1771";1;114,15
"1772";1;152,96
"1773";1;39,51
"1774";1;39,51
"1775";2;19,40
"1776";1;23,93
"1777";1;18,66
"1778";10;49,70
"1779";1;18,79
"1780";1;19,21
"1781";10;14,63
"1782";10;7,73
"1783";10;10,24
"1784";10;16,42
"1785";10;16,47
"1787";7;34,62
"1789";1;103,20
"1790";1;25,50
"1791";10;28,94
"1792";10;27,45
"1793";10;27,45
"1796";10;12,29
"1797";10;11,99
"1798";10;10,71
"1800";10;34,76
"1803";3;35,45
"1805";1;45,03
"1807";1;31,78
"1808";1;39,35
"1810";1;48,62
"1811";1;70,73
"1812";2;33,82
"1813";1;37,87
"1814";1;202,07
"1815";1;17,61
"1816";2;18,70
"1817";1;245,45
"1818";3;5,40
"1819";2;20,71
"1821";4;79,08
"1822";3;12,39
"1823";10;19,05
"1824";3;22,19
"1825";2;90,88
"1827";3;79,22
"1828";3;45,71
"1829";1;25,50
"1830";1;100,37
"1832";2;241,20
"1833";1;44,48
"1834";2;145,39
"1835";1;89,04
"1836";2;304,49
"1838";2;428,46
"1839";2;20,71
"1840";1;25,50
"1841";2;55,62
"1842";1;28,07
"1843";2;53,50
"1844";1;10,62
"1845";2;10,48
"1846";1;32,25
"1847";2;32,25
"1848";1;29,45
"1849";1;21,16
"1850";4;13,35
"1851";2;13,84
"1852";1;21,16
"1853";2;18,36
"1854";2;33,56
"1855";2;37,13
"1856";1;30,75
"1857";2;81,05
"1858";1;75,08
"1859";1;100,71
"1860";2;94,77
"1861";3;94,77
"1862";10;34,50
"1863";2;16,71
"1864";1;29,53
"1865";1;38,63
"1866";1;21,37
"1867";1;36,93
"1868";1;62,48
"1869";2;41,59
"1870";2;32,93
"1871";1;32,93
"1872";2;46,47
"1873";2;11,33
"1874";1;11,33
"1875";1;419,69
"1876";1;12,77
"1877";1;15,20
"1878";2;15,20
"1879";2;24,53
"1880";10;19,87
"1881";3;22,20
"1882";2;17,53
"1883";2;15,39
"1884";1;22,20
"1885";2;42,01
"1886";10;29,53
"1887";3;45,86
"1888";2;112,01
"1889";3;118,09
"1890";2;42,01
"1891";1;31,85
"1892";2;30,69
"1893";1;29,53
"1894";2;20,86
"1895";2;79,06
"1896";1;79,08
"1897";1;24,18
"1898";1;29,59
"1899";2;99,58
"1900";6;32,87
"1901";4;195,46
"1902";5;15,45
"1903";3;17,61
"1904";2;129,92
"1905";2;285,28
"1906";2;20,82
"1907";5;105,94
"1908";2;206,34
"1909";2;38,13
"1910";1;31,78
"1911";2;120,49
"1912";2;64,39
"1913";10;28,61
"1914";2;60,34
"1915";1;96,85
"1916";2;51,76
"1917";4;51,44
"1918";1;14,60
"1919";1;55,34
"1920";1;28,84
"1921";1;31,21
"1922";1;64,56
"1923";1;81,11
"1924";1;113,07
"1925";1;140,79
"1926";1;66,68
"1927";2;77,57
"1929";4;74,81
"1930";1;19,78
"1931";10;103,44
"1933";2;48,62
"1934";1;53,26
"1935";2;484,02
"1937";2;41,30
"1938";3;28,60
"1941";2;52,50
"1942";4;9,91
"1943";2;38,39
"1944";2;58,24
"1945";2;48,42
"1946";1;116,66
"1947";2;19,35
"1948";2;19,35
"1949";10;71,38
"1950";1;61,99
"1951";2;30,00
"1952";2;109,46
"1953";2;49,20
"1954";2;64,79
"1956";10;66,87
"1957";3;19,84
"1958";3;36,74
"1959";2;36,55
"1962";3;48,35
"1963";4;48,35
"1964";1;31,21
"1967";1;123,14
"1969";4;85,00
"1970";3;147,75
"1971";2;81,74
"1972";2;64,78
"1973";6;12,62
"1975";10;53,52
"1976";4;10,69
"1977";2;13,81
"1978";1;50,93
"1979";10;85,00
"1980";2;22,65
"1981";1;47,13
"1982";1;18,68
"1983";2;21,81
"1984";1;25,17
"1985";1;16,86
"1986";1;66,00
"1987";1;17,96
"1989";2;50,38
"1990";10;103,24
"1992";1;62,69
"1993";1;15,29
"1994";3;24,24
"1995";1;22,65
"1996";1;32,36
"1997";2;50,79
"2000";1;11,40
"2001";1;45,86
"2002";1;74,11
"2004";1;127,60
"2006";1;16,41
"2007";2;45,14
"2008";1;45,14
"2009";3;51,47
"2011";2;17,96
"2012";3;58,93
"2014";1;20,89
"2015";2;13,19
"2016";1;103,24
"2017";1;382,59
"2018";10;47,13
"2019";2;17,70
"2020";1;71,44
"2021";1;58,18
"2022";2;58,86
"2023";1;196,70
"2025";10;69,45
"2026";2;14,44
"2027";2;50,93
"2029";2;66,00
"2030";2;45,86
"2031";2;13,29
"2032";1;23,26
"2033";2;30,62
"2034";1;3,98
"2035";10;27,35
"2036";10;84,02
"2037";10;81,74
"2038";1;96,67
"2039";2;160,24
"2040";1;107,20
"2041";2;28,83
"2042";5;28,82
"2043";1;20,14
"2044";1;20,14
"2045";10;12,33
"2046";10;12,80
"2047";10;62,24
"2048";10;96,67
"2049";1;175,58
"2050";2;114,02
"2051";10;22,23
"2053";5;27,32
"2055";2;71,44
"2056";10;46,21
"2057";2;200,49
"2058";10;123,97
"2059";10;36,26
"2060";10;59,75
"2062";10;23,50
"2063";10;59,15
"2064";10;126,70
"2065";3;64,30
"2066";3;38,52
"2067";10;71,44
"2068";1;160,32
"2069";3;62,71
"2070";6;121,94
"2071";3;30,79
"2072";4;27,92
"2073";4;24,45
"2074";10;364,87
"2075";1;69,02
"2076";2;35,85
"2078";1;49,03
"2079";1;170,83
"2080";2;72,62
"2081";2;32,62
"2082";4;15,49
"2083";4;30,97
"2084";5;27,45
"2085";10;85,89
"2086";1;114,02
"2087";1;83,73
"2088";2;26,69
"2090";1;30,33
"2091";2;74,75
"2092";2;31,83
"2093";1;183,24
"2094";2;27,35
"2095";2;13,08
"2096";6;12,90
"2097";2;79,46
"2098";1;79,42
"2099";1;83,73
"2100";5;22,23
"2101";1;27,31
"2102";5;12,80
"2103";9;12,90
"2104";2;11,78
"2105";10;59,58
"2106";2;109,78
"2108";10;39,00
"2109";10;28,99
"2110";7;34,90
"2111";10;58,02
"2112";4;62,18
"2113";2;61,45
"2114";2;58,86
"2115";2;58,18
"2117";1;67,02
"2119";2;62,71
"2120";3;24,87
"2121";7;23,50
"2122";3;48,49
"2125";3;34,47
"2126";4;47,65
"2128";10;28,75
"2129";1;42,04
"2130";1;64,83
"2131";3;37,87
"2132";2;13,35
"2133";1;30,75
"2134";3;63,69
"2135";10;81,05
"2137";10;39,39
"2138";1;25,29
"2139";2;36,93
"2140";2;94,77
"2141";1;14,34
"2142";2;9,90
"2143";2;51,42
"2146";1;47,65
"2148";8;32,29
"2149";2;41,46
"2151";2;9,90
"2153";2;12,86
"2154";2;35,93
"2155";2;30,75
"2156";1;55,79
"2157";2;39,39
"2158";1;96,20
"2159";2;64,83
"2160";2;9,32
"2161";3;22,10
"2162";1;16,71
"2163";1;54,43
"2164";1;85,92
"2165";1;7,67
"2167";2;38,52
"2169";1;20,89
"2170";1;35,54
"2171";1;46,35
"2172";2;39,86
"2173";2;16,72
"2174";3;20,26
"2175";1;51,47
"2176";2;71,38
"2177";10;11,39
"2178";2;92,18
"2179";4;51,76
"2180";2;61,99
"2181";1;281,73
"2182";2;346,67
"2183";1;126,12
"2184";1;63,75
"2185";1;25,66
"2186";2;84,02
"2187";10;98,43
"2188";1;108,23
"2189";4;40,00
"2190";2;57,81
"2191";10;79,75
"2192";1;71,60
"2193";1;23,26
"2194";1;123,14
"2195";3;39,14
"2196";10;77,70
"2197";3;66,06
"2198";1;62,38
"2199";3;55,62
"2201";3;7,35
"2202";4;5,09
"2203";2;114,29
"2204";10;27,87
"2205";10;27,45
"2206";10;23,02
"2207";10;21,23
"2208";10;16,14
"2209";10;16,07
"2212";10;16,39
"2213";2;55,73
"2218";10;25,64
"2219";10;25,64
"2220";10;25,56
"2221";2;56,32
"2223";2;29,63
"2224";2;32,31
"2225";1;37,71
"2226";10;13,21
"2227";10;39,36
"2229";10;117,43
"2230";10;58,34
"2232";10;99,45
"2233";4;18,46
"2239";1;67,88
"2240";1;47,74
"2241";1;51,10
"2242";1;47,74
"2243";1;69,99
"2244";1;66,20
"2245";5;12,90
"2246";2;68,00
"2248";3;27,90
"2249";5;59,29
"2251";2;27,74
"2252";1;257,81
"2254";2;28,43
"2255";7;12,99
"2256";1;257,81
"2257";3;111,80
"2258";2;104,61
"2259";3;12,99
"2260";2;106,20
"2261";2;186,62
"2262";1;186,62
"2263";2;28,88
"2264";5;148,41
"2265";1;300,68
"2266";7;12,99
"2267";1;84,73
"2268";10;58,55
"2270";10;38,90
"2271";2;47,13
"2273";1;87,91
"2274";1;17,50
"2275";5;56,74
"2276";3;101,69
"2277";1;75,33
"2278";1;95,85
"2279";3;82,04
"2280";1;33,79
"2281";2;37,93
"2283";10;44,62
"2284";10;61,27
"2285";1;25,66
"2287";6;8,83
"2288";1;207,10
"2289";10;51,10
"2290";2;207,10
"2291";2;66,68
"2292";2;435,58
"2293";1;25,77
"2294";1;362,11
"2295";7;8,85
"2296";2;51,13
"2297";2;18,79
"2298";2;20,50
"2299";2;31,51
"2302";3;25,66
"2303";2;271,91
"2304";2;112,93
"2305";2;112,93
"2306";2;140,79
"2307";2;38,68
"2308";2;38,68
"2309";1;42,50
"2310";2;45,21
"2311";2;25,66
"2312";1;25,66
"2313";4;8,01
"2314";5;7,47
"2316";10;8,83
"2317";10;8,85
"2318";1;429,59
"2319";1;92,72
"2320";1;51,44
"2321";2;93,75
"2322";2;67,08
"2323";2;25,66
"2324";1;7,47
"2325";4;7,47
"2326";5;3,38
"2327";5;7,44
"2328";1;71,12
"2329";7;12,37
"2331";4;5,88
"2333";2;79,75
"2334";2;74,11
"2335";1;69,93
"2336";10;51,76
"2338";1;52,38
"2339";1;75,78
"2340";10;64,09
"2341";10;68,48
"2342";1;68,48
"2343";1;47,57
"2344";1;102,25
"2345";2;68,48
"2346";2;87,80
"2347";1;152,95
"2348";2;287,99
"2349";2;79,75
"2350";1;79,75
"2352";2;165,85
"2354";1;31,24
"2355";2;545,45
"2356";1;31,24
"2357";2;104,53
"2358";1;107,13
"2359";1;60,83
"2360";2;27,68
"2361";1;107,13
"2362";2;32,24
"2363";2;54,20
"2364";2;26,59
"2366";2;29,53
"2367";1;40,73
"2368";2;29,53
"2370";1;118,82
"2372";2;79,33
"2374";3;16,86
"2375";2;253,20
"2376";1;70,05
"2378";2;11,46
"2379";10;71,79
"2380";5;61,48
"2381";1;53,13
"2382";1;7,67
"2384";1;15,39
"2385";1;71,79
"2386";1;53,13
"2387";1;43,80
"2388";2;71,79
"2390";2;87,14
"2391";1;47,78
"2392";2;17,53
"2393";2;5,46
"2394";2;23,45
"2395";1;194,71
"2396";1;29,63
"2397";2;23,89
"2399";2;44,75
"2400";2;27,93
"2401";6;41,64
"2402";1;26,81
"2403";1;29,28
"2404";4;60,26
"2407";2;121,94
"2408";2;35,45
"2409";1;48,81
"2410";2;97,73
"2412";3;48,81
"2413";1;50,97
"2414";10;47,17
"2415";2;22,62
"2416";1;20,50
"2418";1;16,89
"2419";2;40,88
"2420";1;41,23
"2421";1;50,08
"2422";10;17,57
"2423";1;21,16
"2425";2;71,08
"2426";1;91,27
"2427";1;64,74
"2428";10;146,86
"2429";10;91,32
"2430";1;801,26
"2431";1;207,51
"2432";1;114,32
"2433";2;29,29
"2434";1;45,47
"2435";2;75,03
"2436";1;75,03
"2438";1;50,97
"2439";2;19,19
"2440";2;58,06
"2441";1;34,06
"2442";2;35,45
"2443";2;25,74
"2444";2;38,92
"2445";2;35,45
"2446";2;31,28
"2447";2;21,16
"2448";3;38,30
"2449";1;21,16
"2450";1;131,19
"2451";1;21,16
"2452";1;33,74
"2453";1;35,41
"2454";1;32,06
"2455";10;44,84
"2456";2;41,86
"2457";2;35,91
"2458";2;53,71
"2459";2;35,41
"2460";3;17,68
"2461";1;27,89
"2462";1;68,62
"2463";1;42,83
"2464";1;72,70
"2465";2;64,13
"2466";2;99,72
"2467";2;53,53
"2468";1;123,28
"2469";2;73,18
"2470";2;30,17
"2471";1;291,68
"2472";1;46,23
"2473";1;25,90
"2474";2;260,47
"2475";2;112,79
"2476";10;216,13
"2477";5;145,36
"2478";1;78,60
"2479";1;104,68
"2480";10;87,88
"2481";1;30,38
"2482";2;214,57
"2483";1;305,13
"2484";4;150,34
"2485";1;86,87
"2486";1;288,26
"2488";10;65,54
"2489";6;57,51
"2490";1;32,49
"2491";1;29,16
"2492";1;126,33
"2493";2;54,42
"2494";3;76,18
"2495";1;37,72
"2496";10;56,55
"2498";1;26,22
"2499";2;72,01
"2500";1;54,42
"2501";3;43,75
"2502";1;190,89
"2503";1;62,49
"2504";1;26,82
"2505";1;88,56
"2506";1;78,16
"2507";2;72,38
"2508";1;216,06
"2509";1;245,76
"2510";1;213,64
"2511";1;139,99
"2512";10;40,95
"2513";3;74,38
"2515";1;103,87
"2516";1;29,53
"2517";4;18,79
"2518";4;17,75
"2519";3;18,27
"2520";2;18,27
"2521";2;87,14
"2522";2;93,77
"2523";1;30,17
"2524";1;32,57
"2525";2;32,57
"2526";1;93,77
"2527";1;67,99
"2528";10;67,99
"2529";2;67,99
"2530";2;46,55
"2531";3;58,42
"2532";2;30,30
"2534";10;71,40
"2535";1;67,72
"2536";10;152,30
"2537";10;152,30
"2538";10;61,89
"2539";2;24,92
"2540";2;72,89
"2541";3;19,83
"2542";2;40,15
"2543";2;62,32
"2544";2;37,65
"2545";1;64,68
"2546";1;15,38
"2547";10;47,62
"2548";1;44,55
"2549";10;22,40
"2550";2;61,45
"2551";3;71,15
"2552";3;46,33
"2553";2;24,92
"2554";3;25,54
"2555";1;25,75
"2556";1;38,08
"2558";1;63,87
"2559";1;54,64
"2560";1;79,75
"2561";2;29,63
"2562";2;31,00
"2564";2;127,88
"2566";1;36,29
"2567";2;54,64
"2569";2;140,28
"2570";2;38,08
"2572";10;49,27
"2573";10;50,32
"2574";1;162,50
"2575";1;79,75
"2576";10;51,47
"2577";3;25,75
"2578";2;16,86
"2579";10;24,92
"2580";1;63,87
"2581";1;39,86
"2582";4;62,19
"2583";1;29,28
"2586";10;35,47
"2588";1;93,33
"2589";2;64,16
"2590";10;27,87
"2591";10;27,87
"2594";2;36,29
"2595";1;74,11
"2596";1;79,33
"2597";1;79,33
"2598";2;127,88
"2599";2;47,54
"2600";10;49,53
"2601";1;24,24
"2602";1;74,11
"2603";1;51,47
"2604";1;25,17
"2606";2;47,54
"2608";1;26,81
"2610";1;34,51
"2611";4;15,81
"2612";3;15,15
"2613";1;161,03
"2614";2;27,90
"2615";1;85,57
"2616";1;29,30
"2618";2;20,96
"2619";1;36,81
"2623";2;34,98
"2624";1;56,32
"2625";10;5,79
"2626";1;14,38
"2627";2;16,67
"2628";2;39,36
"2629";1;13,82
"2630";10;5,79
"2631";10;39,87
"2632";1;188,57
"2633";1;7,64
"2634";2;28,19
"2635";1;26,08
"2636";10;90,17
"2637";1;124,69
"2638";1;8,49
"2639";1;35,62
"2640";1;114,92
"2641";2;308,13
"2642";1;50,49
"2643";1;8,66
"2644";1;10,97
"2645";1;67,46
"2646";1;106,26
"2647";1;163,93
"2648";2;74,11
"2649";1;74,11
"2650";2;96,55
"2651";2;68,48
"2652";1;68,48
"2653";2;127,60
"2654";1;74,11
"2656";2;60,39
"2657";2;86,22
"2658";2;298,52
"2659";7;29,45
"2660";3;29,80
"2661";4;26,62
"2663";1;36,81
"2664";1;59,23
"2665";10;60,39
"2667";3;18,46
"2668";2;42,57
"2669";2;47,74
"2670";6;42,57
"2672";10;103,94
"2673";10;28,72
"2674";2;15,14
"2675";1;52,49
"2688";1;226,45
"2689";2;324,28
"2690";1;185,90
"2692";2;93,56
"2694";10;185,90
"2695";10;142,63
"2696";10;85,33
"2697";2;16,41
"2698";10;11,98
"2699";2;43,44
"2700";2;43,44
"2701";3;62,19
"2702";2;64,16
"2703";1;7,82
"2704";2;15,97
"2705";2;16,41
"2706";2;29,23
"2707";2;31,26
"2708";1;27,20
"2709";1;7,82
"2710";1;8,27
"2711";2;8,50
"2712";1;53,46
"2713";2;58,11
"2714";2;36,52
"2715";1;22,44
"2717";1;41,56
"2718";10;42,09
"2719";1;70,79
"2720";1;74,61
"2721";10;29,40
"2722";2;63,56
"2723";2;20,69
"2724";1;32,48
"2725";2;96,16
"2726";1;104,53
"2727";2;23,64
"2728";10;48,31
"2729";2;96,16
"2730";2;61,81
"2731";1;63,56
"2732";2;52,92
"2733";2;35,43
"2734";1;11,10
"2735";1;48,31
"2736";2;139,02
"2737";1;105,59
"2738";1;159,20
"2739";2;108,58
"2741";1;159,20
"2742";1;183,98
"2743";1;108,58
"2744";1;31,24
"2745";1;32,74
"2746";10;42,37
"2747";3;69,94
"2748";10;142,63
"2750";1;117,58
"2751";1;137,41
"2752";10;233,80
"2753";1;219,00
"2755";6;309,83
"2756";10;145,08
"2757";1;90,56
"2758";3;103,35
"2759";10;53,94
"2760";2;185,90
"2761";10;141,85
"2762";1;191,24
"2763";3;18,96
"2764";2;29,16
"2765";2;37,03
"2766";3;29,16
"2767";4;7,54
"2768";10;7,02
"2769";2;7,02
"2770";4;51,61
"2771";10;40,73
"2772";10;6,30
"2773";2;51,61
"2777";2;40,50
"2778";2;25,77
"2780";2;325,21
"2781";2;32,01
"2782";3;74,25
"2784";4;47,16
"2785";10;191,66
"2786";10;40,73
"2787";10;42,17
"2788";2;45,00
"2789";2;42,17
"2790";1;42,17
"2791";2;120,00
"2792";1;120,00
"2793";4;47,50
"2794";4;29,16
"2795";1;29,16
"2796";2;109,37
"2797";1;114,75
"2798";4;114,75
"2799";1;202,42
"2800";2;32,01
"2801";2;127,64
"2802";1;46,52
"2803";10;167,43
"2804";2;133,39
"2805";1;140,16
"2806";1;326,19
"2807";2;326,19
"2808";4;414,39
"2809";2;414,39
"2810";10;48,56
"2811";3;247,55
"2812";6;46,51
"2813";2;128,26
"2814";2;128,26
"2815";2;152,01
"2816";2;352,99
"2818";10;25,50
"2819";1;3,98
"2820";1;21,73
"2825";3;26,65
"2828";10;60,26
"2829";10;60,26
"2830";10;75,33
"2831";2;34,99
"2832";1;40,42
"2833";1;23,69
"2834";1;21,73
"2835";10;7,15
"2836";1;7,02
"2838";3;88,88
"2839";3;24,75
"2840";1;6,58
"2841";10;34,99
"2842";2;20,94
"2843";1;55,46
"2844";1;63,94
"2845";2;79,22
"2846";10;16,44
"2847";4;21,87
"2848";10;18,03
"2849";2;26,25
"2850";5;75,33
"2851";2;20,94
"2852";1;249,60
"2853";10;27,87
"2854";10;3,67
"2855";10;26,25
"2856";3;29,40
"2857";4;17,24
"2858";3;93,33
"2859";1;64,16
"2861";10;31,31
"2862";2;37,13
"2863";1;32,86
"2864";10;5,79
"2865";10;86,22
"2866";10;50,20
"2867";10;19,48
"2868";10;2,32
"2869";10;2,33
"2870";10;2,33
"2871";10;145,38
"2872";3;59,23
"2873";2;107,83
"2874";2;113,60
"2875";10;16,47
"2876";1;110,95
"2877";1;49,00
"2878";1;35,08
"2880";1;91,40
"2881";1;31,52
"2882";1;110,02
"2883";2;32,46
"2884";1;39,30
"2885";2;39,06
"2886";1;48,71
"2887";1;59,50
"2888";2;68,62
"2889";2;64,13
"2890";1;64,13
"2892";1;54,17
"2893";1;76,66
"2896";1;30,17
"2897";1;28,70
"2899";1;80,03
"2901";1;52,44
"2902";2;32,59
"2904";10;31,98
"2905";1;59,02
"2906";2;59,02
"2907";2;59,02
"2908";2;35,29
"2909";1;19,05
"2910";1;72,30
"2911";1;34,22
"2912";10;69,41
"2913";1;161,62
"2914";2;197,60
"2917";2;70,27
"2918";10;57,96
"2920";1;80,61
"2921";1;52,88
"2922";1;29,53
"2923";3;29,53
"2924";1;29,92
"2925";1;68,85
"2926";1;73,60
"2927";2;67,77
"2928";1;70,62
"2929";1;70,62
"2930";1;111,38
"2931";2;64,29
"2932";2;37,60
"2933";1;38,58
"2934";1;59,09
"2935";10;61,64
"2936";10;121,09
"2937";1;70,04
"2938";1;71,22
"2939";2;201,21
"2940";1;14,82
"2941";2;32,49
"2942";2;87,47
"2943";10;38,90
"2944";1;31,32
"2945";1;65,24
"2946";2;232,94
"2947";2;92,89
"2948";1;95,85
"2949";10;56,79
"2950";2;71,04
"2951";1;81,73
"2952";3;77,15
"2953";2;81,73
"2954";1;62,10
"2955";1;13,25
"2956";1;22,76
"2957";7;27,00
"2958";8;22,92
"2959";6;16,10
"2960";10;74,39
"2961";2;240,15
"2962";1;201,21
"2963";1;226,02
"2964";2;59,44
"2965";10;62,99
"2966";1;81,47
"2967";2;13,41
"2968";2;32,49
"2969";1;32,02
"2970";1;64,56
"2971";1;66,70
"2972";1;11,29
"2973";1;57,06
"2974";2;17,75
"2975";10;18,14
"2976";1;17,37
"2977";2;33,59
"2978";3;37,10
"2979";1;3,87
"2980";1;3,86
"2981";1;41,12
"2982";10;41,48
"2983";10;33,59
"2984";10;33,59
"2985";10;3,58
"2986";1;19,62
"2987";1;19,68
"2988";1;19,68
"2989";1;55,17
"2990";1;55,17
"2991";2;17,07
"2992";2;17,12
"2993";2;17,02
"2994";2;17,02
"2995";2;14,04
"2996";2;7,65
"2997";2;7,63
"2998";1;7,65
"2999";1;7,65
"3000";2;14,04
"3001";1;83,51
"3002";3;25,66
"3003";1;26,89
"3004";1;40,84
"3006";1;75,68
"3008";1;33,12
"3009";1;12,08
"3012";10;43,15
"3013";1;162,31
"3014";10;136,71
"3016";2;17,46
"3017";10;42,83
"3018";1;42,83
"3020";1;46,60
"3021";1;17,46
"3022";2;18,52
"3023";2;111,35
"3025";2;57,96
"3026";2;33,81
"3027";2;75,68
"3028";2;46,23
"3029";2;33,68
"3030";1;226,19
"3032";1;35,79
"3033";2;161,24
"3035";1;37,91
"3036";10;69,41
"3038";1;30,38
"3039";1;33,68
"3040";10;34,22
"3041";1;28,82
"3042";1;64,13
"3044";1;93,29
"3045";1;93,29
"3046";2;59,02
"3047";1;147,60
"3048";1;52,44
"3049";1;36,07
"3050";1;52,83
"3051";1;141,67
"3052";10;99,33
"3053";1;99,33
"3054";1;38,48
"3056";1;42,70
"3057";1;28,65
"3058";2;11,67
"3060";2;16,25
"3061";1;34,00
"3062";2;46,33
"3063";2;14,94
"3064";2;15,81
"3065";2;41,30
"3066";2;37,41
"3067";3;37,22
"3068";2;11,67
"3069";1;22,18
"3070";1;15,93
"3071";2;113,25
"3072";2;50,47
"3073";2;44,26
"3074";2;76,86
"3075";2;21,71
"3076";2;19,81
"3077";3;21,23
"3078";2;119,61
"3079";1;3,86
"3080";1;3,86
"3081";10;30,46
"3082";10;268,88
"3083";10;231,64
"3084";10;17,11
"3085";10;14,94
"3086";1;12,47
"3087";10;19,34
"3088";1;19,81
"3089";2;12,68
"3090";1;12,47
"3091";1;21,12
"3092";1;27,80
"3093";1;12,25
"3094";1;15,63
"3095";1;15,72
"3096";1;17,78
"3097";10;125,40
"3098";1;113,25
"3099";1;17,73
"3100";1;78,58
"3101";1;7,16
"3102";1;7,58
"3103";1;197,85
"3104";1;210,03
"3105";1;17,37
"3106";1;17,37
"3107";10;42,19
"3108";10;50,47
"3109";2;18,87
"3112";2;101,68
"3113";10;146,03
"3114";10;14,60
"3115";10;133,78
"3116";3;216,92
"3117";1;40,95
"3118";1;37,65
"3119";10;23,00
"3120";10;23,00
"3121";10;497,10
"3122";5;125,40
"3123";2;50,47
"3124";1;19,44
"3125";1;15,90
"3126";2;14,62
"3127";2;58,71
"3128";2;58,71
"3131";1;7,62
"3132";10;7,42
"3133";1;19,77
"3134";1;17,64
"3135";1;21,91
"3136";1;20,84
"3137";1;131,87
"3138";2;131,87
"3139";2;87,12
"3140";10;154,87
"3141";2;183,82
"3142";1;89,20
"3143";2;61,96
"3144";1;89,20
"3145";1;38,41
"3146";10;21,54
"3147";3;26,38
"3148";1;31,22
"3149";2;13,46
"3150";2;6,18
"3151";6;22,92
"3152";1;8,23
"3153";1;269,75
"3154";2;8,23
"3155";1;8,28
"3156";1;94,07
"3157";2;26,43
"3158";1;94,60
"3159";1;267,93
"3160";1;94,60
"3161";10;267,93
"3162";1;94,07
"3163";2;8,25
"3164";7;14,62
"3165";1;13,84
"3166";2;14,62
"3167";2;60,52
"3168";1;90,88
"3169";10;11,88
"3170";1;53,17
"3171";10;136,70
"3173";3;136,71
"3174";2;58,91
"3175";2;532,98
"3177";2;68,72
"3178";10;214,87
"3179";1;33,86
"3180";10;41,30
"3182";1;19,81
"3183";1;3,57
"3184";1;11,74
"3185";1;97,93
"3186";1;33,59
"3187";1;34,00
"3188";10;33,45
"3189";1;40,76
"3190";1;41,30
"3191";1;7,63
"3192";1;13,77
"3193";1;7,63
"3194";1;7,63
"3195";1;55,17
"3196";1;7,60
"3197";2;55,17
"3198";3;38,76
"3199";10;3,58
"3201";10;3,58
"3202";1;11,77
"3203";1;11,80
"3204";10;11,80
"3205";10;11,83
"3206";1;190,55
"3207";1;27,21
"3208";2;51,49
"3209";2;40,94
"3210";2;41,12
"3211";2;16,81
"3212";1;16,80
"3213";7;16,81
"3214";10;11,98
"3215";1;35,75
"3216";1;8,20
"3219";3;16,80
"3220";2;11,77
"3221";1;101,07
"3222";1;113,58
"3223";1;316,88
"3224";1;123,22
"3228";10;30,47
"3230";10;43,02
"3237";2;43,02
"3238";10;141,81
"3239";1;64,37
"3240";10;34,95
"3242";2;254,38
"3245";10;173,90
"3247";1;14,60
"3255";1;29,72
"3256";1;185,59
"3257";1;44,33
"3258";1;72,24
"3259";2;113,11
"3260";2;60,79
"3261";1;60,79
"3262";1;122,91
"3266";1;67,54
"3267";1;36,91
"3268";1;36,91
"3269";1;36,91
"3270";1;36,31
"3271";10;446,24
"3272";2;446,24
"3273";2;84,81
"3274";1;83,16
"3275";2;83,16
"3276";1;85,69
"3277";1;85,69
"3278";1;61,64
"3279";1;122,91
"3281";1;85,60
"3282";2;81,47
"3284";3;68,37
"3285";2;89,50
"3286";1;69,73
"3287";1;85,60
"3288";2;85,60
"3289";1;67,54
"3290";3;58,51
"3291";1;51,74
"3292";1;41,30
"3293";2;26,90
"3294";2;27,21
"3296";1;3,78
"3297";1;136,91
"3298";2;9,96
"3299";2;9,96
"3300";1;8,59
"3302";1;8,59
"3303";10;12,24
"3304";1;3,56
"3305";1;3,78
"3306";10;3,59
"3307";2;31,31
"3308";9;24,73
"3309";10;3,78
"3310";1;8,25
"3311";3;199,99
"3312";3;8,59
"3313";10;47,11
"3314";10;179,46
"3315";10;162,06
"3316";10;256,41
"3317";10;79,37
"3318";10;70,69
"3319";10;134,29
"3320";10;87,06
"3322";10;51,98
"3323";1;18,56
"3324";10;13,28
"3325";10;33,86
"3326";2;281,70
"3327";3;446,90
"3328";2;48,54
"3329";3;32,00
"3330";3;239,19
"3331";1;240,88
"3332";10;212,91
"3333";1;212,91
"3334";1;101,52
"3335";3;31,99
"3336";1;202,42
"3337";10;201,31
"3338";10;90,30
"3339";5;247,09
"3340";1;248,47
"3341";10;31,31
"3342";1;343,73
"3343";2;138,52
"3344";1;169,90
"3345";7;109,30
"3346";8;109,44
"3347";10;411,87
"3348";2;48,56
"3349";4;48,57
"3350";10;31,29
"3351";1;280,68
"3352";10;127,64
"3353";2;127,64
"3354";1;240,04
"3355";2;73,84
"3357";2;31,31
"3359";3;82,43
"3360";4;138,34
"3362";1;86,38
"3363";10;49,74
"3364";1;46,29
"3365";1;75,30
"3366";2;58,14
"3367";2;68,00
"3368";4;50,97
"3369";10;169,30
"3370";10;108,44
"3371";1;50,35
"3372";1;91,41
"3374";1;80,70
"3375";3;787,56
"3376";10;94,24
"3377";1;54,24
"3378";1;71,83
"3379";1;65,68
"3380";1;61,87
"3381";2;89,73
"3382";1;38,10
"3383";1;85,96
"3384";1;75,10
"3385";2;43,33
"3386";2;469,77
"3387";1;63,37
"3388";2;43,33
"3389";2;69,33
"3390";1;71,69
"3391";1;96,74
"3392";1;112,78
"3393";2;80,71
"3395";1;71,69
"3396";3;93,45
"3397";1;101,69
"3398";2;196,41
"3399";1;76,57
"3401";5;73,42
"3402";1;94,33
"3403";3;94,33
"3404";2;49,12
"3405";1;188,64
"3406";2;158,81
"3407";2;76,96
"3408";4;99,74
"3409";3;73,42
"3411";1;79,51
"3412";1;310,51
"3413";1;370,07
"3414";6;73,42
"3415";2;59,78
"3416";2;185,01
"3417";2;80,78
"3418";2;80,78
"3419";2;45,39
"3420";1;182,08
"3421";10;224,68
"3422";2;112,79
"3424";4;141,67
"3425";2;310,80
"3426";1;56,69
"3427";1;10,46
"3428";2;123,95
"3429";1;304,38
"3430";1;225,84
"3431";1;49,52
"3432";1;40,91
"3433";2;22,37
"3434";1;56,52
"3435";1;21,47
"3436";2;45,13
"3438";1;31,22
"3439";1;270,67
"3440";2;56,52
"3441";1;45,13
"3442";1;19,21
"3443";2;58,12
"3444";1;40,91
"3445";10;76,13
"3446";1;49,52
"3447";10;58,12
"3448";1;67,41
"3449";3;34,73
"3450";1;40,03
"3451";2;43,76
"3452";4;40,91
"3453";2;21,88
"3454";1;34,73
"3455";2;34,73
"3456";1;44,95
"3457";2;38,72
"3458";3;30,31
"3459";2;32,31
"3460";2;24,93
"3461";4;98,82
"3462";2;19,90
"3463";1;26,34
"3464";1;39,34
"3465";2;19,90
"3467";2;173,43
"3468";2;532,23
"3469";2;28,24
"3470";1;13,98
"3471";1;28,24
"3472";1;43,74
"3473";2;88,05
"3474";1;69,65
"3475";1;25,88
"3477";2;266,50
"3478";2;307,54
"3479";3;27,72
"3480";2;29,31
"3481";1;43,74
"3482";2;52,00
"3483";2;58,48
"3484";2;43,74
"3485";2;21,28
"3487";1;418,95
"3488";1;80,00
"3489";1;256,41
"3490";1;146,35
"3491";1;253,96
"3492";1;116,85
"3493";1;70,03
"3494";1;138,84
"3495";1;117,16
"3496";1;37,52
"3497";1;44,33
"3498";1;36,61
"3499";1;169,29
"3500";1;154,69
"3501";1;180,96
"3502";2;164,01
"3503";3;241,71
"3504";10;78,31
"3505";2;36,31
"3506";1;40,03
"3507";1;39,34
"3508";2;36,31
"3509";2;81,47
"3510";2;36,61
"3511";2;126,54
"3512";6;70,71
"3513";1;50,44
"3514";3;66,48
"3515";1;66,48
"3516";10;34,38
"3517";5;47,88
"3518";1;43,33
"3519";3;45,48
"3520";1;141,08
"3521";3;69,70
"3522";2;51,50
"3523";4;66,48
"3524";3;66,48
"3525";1;25,22
"3526";1;23,66
"3527";1;47,63
"3528";10;533,18
"3529";1;71,83
"3530";10;53,17
"3531";1;104,56
"3532";1;126,54
"3533";1;70,71
"3534";10;85,96
"3536";1;96,83
"3537";5;37,40
"3539";2;52,04
"3540";1;86,02
"3541";1;76,57
"3542";1;103,66
"3543";2;41,19
"3544";2;37,70
"3546";2;52,04
"3547";5;252,46
"3548";4;108,78
"3549";10;79,52
"3550";10;78,46
"3551";10;126,54
"3552";1;79,52
"3553";1;65,05
"3554";1;49,12
"3555";3;47,36
"3556";1;34,38
"3558";2;31,90
"3559";3;23,66
"3560";1;33,14
"3561";2;22,58
"3562";3;122,84
"3563";10;47,38
"3564";10;65,36
"3565";10;185,95
"3566";1;58,51
"3567";1;76,57
"3568";1;38,57
"3569";2;55,00
"3570";2;85,00
"3571";10;74,65
"3572";10;74,65
"3573";1;74,65
"3574";1;66,40
"3575";10;46,67
"3576";2;47,69
"3577";10;61,04
"3579";10;163,42
"3581";2;59,00
"3582";10;46,67
"3583";10;64,04
"3584";10;42,94
"3585";1;42,94
"3586";10;265,10
"3587";1;731,85
"3588";1;29,29
"3589";10;58,69
"3590";10;43,83
"3591";1;29,11
"3592";1;57,84
"3593";2;56,14
"3594";2;66,94
"3595";1;66,94
"3596";1;66,94
"3597";3;87,82
"3598";1;44,28
"3599";2;44,28
"3600";1;43,01
"3601";1;50,81
"3602";2;49,74
"3603";2;49,74
"3604";1;50,35
"3605";10;61,98
"3606";1;66,55
"3607";4;168,61
"3608";2;211,17
"3609";2;61,98
"3610";1;65,20
"3611";2;69,21
"3613";2;23,70
"3614";2;63,59
"3615";1;154,69
"3616";1;32,31
"3617";1;58,12
"3618";1;40,87
"3619";1;23,70
"3620";1;23,70
"3621";1;19,55
"3622";10;22,37
"3624";2;52,53
"3625";1;25,63
"3626";3;36,94
"3627";2;21,92
"3628";2;52,53
"3629";2;30,49
"3630";10;18,08
"3631";1;172,48
"3632";1;169,29
"3633";2;30,49
"3634";2;18,08
"3635";1;18,08
"3636";10;307,88
"3637";10;67,44
"3638";1;37,84
"3639";1;155,53
"3640";2;269,13
"3641";2;33,87
"3642";1;28,69
"3643";1;44,33
"3644";1;37,20
"3645";2;37,84
"3646";2;28,51
"3647";2;37,20
"3648";5;137,96
"3649";2;188,72
"3650";10;183,11
"3651";2;24,19
"3652";1;92,27
"3653";2;38,46
"3654";1;94,63
"3655";2;85,60
"3656";1;58,51
"3657";1;76,57
"3658";1;67,54
"3663";10;22,99
"3664";10;85,60
"3665";1;44,78
"3666";1;44,78
"3667";1;85,60
"3668";10;76,57
"3669";3;76,57
"3670";10;94,63
"3671";2;85,60
"3673";10;363,16
"3674";1;90,12
"3675";1;30,90
"3676";1;33,61
"3677";1;67,54
"3678";1;30,90
"3679";10;58,51
"3681";3;270,52
"3683";2;31,32
"3684";2;37,52
"3685";2;36,59
"3686";1;37,21
"3687";6;67,54
"3688";1;85,60
"3689";8;85,60
"3690";10;103,66
"3691";10;85,60
"3692";1;33,87
"3693";2;67,54
"3694";1;45,72
"3695";1;62,74
"3696";1;188,33
"3697";1;130,15
"3698";1;245,96
"3699";1;104,86
"3700";1;21,28
"3706";1;141,81
"3707";1;64,37
"3710";7;21,28
"3714";10;413,30
"3716";1;49,00
"3717";10;258,47
"3718";1;115,62
"3719";10;161,33
"3720";2;84,64
"3721";1;115,62
"3722";2;1141,15
"3724";2;188,33
"3726";10;25,88
"3729";1;150,57
"3730";2;234,54
"3731";1;62,74
"3732";2;493,68
"3733";3;123,46
"3734";1;517,64
"3735";2;166,87
"3736";3;198,44
"3737";2;169,13
"3738";1;361,21
"3739";1;407,92
"3740";1;198,44
"3746";3;123,46
"3747";2;302,64
"3748";3;198,44
"3749";2;130,15
"3750";3;105,15
"3751";3;175,35
"3752";2;214,14
"3754";1;25,88
"3755";1;39,71
"3756";1;25,88
"3757";1;25,88
"3758";1;25,88
"3759";5;334,13
"3760";3;334,13
"3761";5;198,44
"3762";10;173,90
"3763";2;82,58
"3765";10;93,45
"3766";10;93,45
"3767";1;85,60
"3768";10;44,62
"3769";1;103,66
"3770";10;94,63
"3771";1;85,60
"3772";1;76,57
"3773";7;44,62
"3774";3;76,57
"3775";3;76,57
"3776";2;30,49
"3777";10;94,63
"3778";1;55,00
"3779";10;55,00
"3780";10;38,57
"3782";2;44,62
"3783";10;76,57
"3784";10;76,57
"3785";1;85,60
"3786";1;103,66
"3787";1;35,10
"3788";10;35,22
"3790";1;44,73
"3791";2;44,62
"3792";1;44,73
"3793";2;41,43
"3794";3;249,76
"3795";2;25,88
"3796";2;25,88
"3797";10;30,49
"3798";10;16,67
"3799";10;109,37
"3800";5;161,49
"3801";1;21,28
"3802";1;30,49
"3803";10;39,71
"3804";10;16,67
"3806";4;45,30
"3807";6;45,30
"3808";1;39,71
"3809";2;35,10
"3810";10;25,88
"3811";10;30,49
"3812";10;30,49
"3813";1;66,80
"3814";1;127,83
"3815";10;144,36
"3816";10;195,74
"3817";2;30,49
"3818";10;39,71
"3819";10;25,88
"3820";10;30,49
"3821";10;25,88
"3825";1;30,49
"3826";10;21,28
"3827";10;25,36
"3828";10;48,62
"3829";10;76,40
"3830";10;71,64
"3831";2;493,89
"3833";2;118,57
"3834";1;46,82
"3835";1;71,64
"3836";1;76,37
"3838";1;84,41
"3839";1;56,25
"3840";3;58,94
"3841";1;72,37
"3842";1;75,47
"3843";2;44,99
"3845";2;85,60
"3846";2;29,77
"3847";2;150,84
"3848";2;119,44
"3849";10;73,93
"3850";2;73,93
"3851";2;26,05
"3852";2;25,36
"3853";4;75,93
"3854";10;36,93
"3855";10;58,94
"3856";1;48,50
"3857";2;47,89
"3858";1;196,19
"3859";1;62,90
"3860";3;78,70
"3861";1;162,06
"3862";1;86,31
"3863";2;253,96
"3865";1;171,08
"3866";1;35,10
"3867";1;106,31
"3868";3;43,74
"3869";2;204,75
"3871";1;366,90
"3872";1;293,03
"3873";1;87,27
"3874";1;91,26
"3875";1;79,88
"3877";1;77,47
"3878";2;60,59
"3879";1;57,87
"3880";1;57,87
"3881";10;57,87
"3882";10;57,87
"3883";10;96,41
"3884";10;172,29
"3885";10;57,87
"3886";1;49,65
"3887";10;75,84
"3888";2;101,73
"3889";10;101,34
"3890";2;58,55
"3892";1;139,78
"3895";1;54,67
"3896";10;110,64
"3897";10;166,21
"3898";10;30,49
"3899";1;170,30
"3900";2;188,72
"3901";2;170,30
"3902";1;93,42
"3903";1;152,49
"3904";10;152,49
"3905";1;143,68
"3906";3;195,23
"3907";2;107,04
"3908";1;112,45
"3910";1;190,92
"3911";2;269,13
"3912";2;128,06
"3913";1;42,18
"3914";4;139,81
"3915";1;174,91
"3916";6;38,94
"3917";1;99,99
"3918";3;40,02
"3919";1;163,45
"3920";10;130,55
"3921";10;200,76
"3922";2;150,93
"3923";1;41,10
"3924";2;147,00
"3925";1;293,49
"3926";2;114,11
"3927";10;233,11
"3929";10;35,10
"3930";1;135,43
"3931";1;106,89
"3932";1;43,74
"3933";2;87,37
"3936";1;25,88
"3946";1;58,14
"3947";1;21,28
"3948";1;72,75
"3949";1;30,49
"3950";1;30,49
"3964";1;90,16
"3969";3;72,18
"3970";4;100,85
"3971";7;110,83
"3972";2;111,83
"3973";2;121,55
"3974";7;62,19
"3975";5;69,95
"3976";6;48,84
"3977";10;43,74
"3978";6;78,00
"3979";2;173,21
"3980";10;131,98
"3981";10;303,59
"3982";4;130,15
"3983";1;130,71
"3984";2;14,60
"3985";1;35,10
"3986";1;21,28
"3987";1;35,10
"3988";1;30,49
"3989";1;30,49
"3990";1;21,28
"3991";10;21,28
"3992";10;16,67
"3993";1;21,28
"3995";10;132,19
"4003";1;21,28
"4010";10;25,88
"4011";7;35,10
"4012";10;25,88
"4013";10;35,10
"4014";10;30,49
"4017";10;25,88
"4018";10;21,28
"4019";1;25,88
"4020";1;25,88
"4023";10;35,10
"4024";10;30,49
"4025";10;25,88
"4034";2;21,28
"4035";2;25,88
"4042";10;94,63
"4043";10;85,60
"4045";1;85,60
"4050";1;67,54
"4051";10;103,66
"4052";1;85,60
"4053";10;67,54
"4054";1;67,54
"4055";10;85,60
"4056";1;85,60
"4060";2;49,48
"4061";10;76,57
"4062";10;76,57
"4063";10;94,63
"4064";10;67,54
"4072";2;76,57
"4073";1;85,60
"4074";1;103,66
"4075";1;94,63
"4076";2;67,54
"4077";1;94,63
"4078";1;94,63
"4079";1;76,57
"4080";2;49,48
"4081";1;76,57
"4082";10;94,63
"4084";1;76,57
"4085";1;94,63
"4086";1;67,54
"4087";1;76,57
"4088";1;85,60
"4089";2;76,57
"4090";1;58,51
"4091";1;85,60
"4093";1;103,66
"4094";1;85,60
"4095";1;103,66
"4096";2;76,57
"4097";1;94,63
"4098";1;76,57
"4099";1;103,66
"4100";1;94,63
"4101";1;58,51
"4102";10;166,19
"4103";10;94,63
"4104";2;85,60
"4105";2;44,62
"4106";1;67,54
"4107";10;85,60
"4108";1;76,57
"4109";3;94,63
"4110";1;76,57
"4111";2;85,60
"4112";1;67,54
"4113";1;304,95
"4114";1;262,38
"4116";1;246,79
"4118";2;161,28
"4119";1;130,49
"4122";1;229,67
"4123";2;262,38
"4124";1;222,79
"4125";2;161,28
"4126";2;262,96
"4127";1;332,16
"4128";10;25,88
"4129";2;14,60
"4130";3;25,88
"4131";1;30,49
"4140";10;51,23
"4141";2;30,49
"4142";3;35,10
"4143";2;25,88
"4144";2;25,88
"4145";1;25,88
"4146";2;14,60
"4147";1;25,88
"4148";10;35,10
"4149";2;30,49
"4151";1;35,10
"4152";2;35,10
"4153";10;35,10
"4154";1;35,10
"4155";1;30,49
"4156";3;21,28
"4157";10;35,10
"4158";2;30,49
"4159";2;35,10
"4160";2;30,49
"4161";10;94,63
"4162";1;94,63
"4163";3;58,51
"4164";2;103,66
"4165";1;76,57
"4166";1;85,60
"4167";2;67,54
"4168";1;85,60
"4169";1;94,63
"4170";1;85,60
"4171";2;103,66
"4172";1;76,57
"4173";2;85,60
"4174";1;94,63
"4175";1;76,57
"4176";1;76,57
"4197";10;30,49
"4198";10;16,67
"4199";1;21,28
"4200";1;25,88
"4201";1;30,49
"4202";10;30,49
"4203";1;35,10
"4205";1;30,49
"4206";2;30,49
